cam0:
  T_cam_imu:
  - - -0.7025841692890046
    - -0.7115830926768211
    - -0.004998727935160485
    - 0.0006875538046129948
  - - -0.01133110800946846
    - 0.018210993559391098
    - -0.999769956392398
    - 0.06280288899684183
  - - 0.7115104293373056
    - -0.7023659031659141
    - -0.020857780662684844
    - -0.10720627808520986
  - - 0.0
    - 0.0
    - 0.0
    - 1.0
  cam_overlaps: []
  camera_model: omni
  distortion_coeffs:
  - -0.21171233219482108
  - 0.4394442689857262
  - 0.001541272532917834
  - -0.0007433853293709857
  distortion_model: radtan
  intrinsics:
  - 2.0779806782854466
  - 1124.7283061913233
  - 1124.8562955001719
  - 632.7040736742416
  - 327.56651546593287
  resolution:
  - 1280
  - 720
  rostopic: CAM_A
cam1:
  T_cam_imu:
  - - -0.7143937678024522
    - 0.699725731351554
    - 0.005044344313148541
    - 0.004775806338207317
  - - 0.004778082299049191
    - 0.012086664951125162
    - -0.9999155376630086
    - 0.06156095258157772
  - - -0.6997276001806418
    - -0.7143093261430183
    - -0.011977985245760256
    - -0.1015738178235088
  - - 0.0
    - 0.0
    - 0.0
    - 1.0
  T_cn_cnm1:
  - - 0.0009404731192081406
    - 0.01533420311835991
    - -0.9998819818983816
    - -0.10146345645215102
  - - -0.006958486419914336
    - 0.9998583167080346
    - 0.015327295146830304
    - 0.0008909327534145013
  - - 0.9999753471846465
    - 0.006943250283481162
    - 0.0010470427140399363
    - -0.10089598680976977
  - - 0.0
    - 0.0
    - 0.0
    - 1.0
  cam_overlaps: []
  camera_model: omni
  distortion_coeffs:
  - -0.19999658420274455
  - 0.4681180797506174
  - 0.00045773646975705155
  - 0.0009007846998110019
  distortion_model: radtan
  intrinsics:
  - 2.103193105300709
  - 1140.8131521173325
  - 1140.970469458345
  - 650.1924953551246
  - 357.6475196274094
  resolution:
  - 1280
  - 720
  rostopic: CAM_B
cam2:
  T_cam_imu:
  - - 0.7013917570433141
    - 0.7127723462367052
    - 0.0022771894773128687
    - -0.01229576112095501
  - - 0.002055138880798113
    - 0.0011725000792903173
    - -0.9999972008199549
    - 0.03671315643205333
  - - -0.7127730210634193
    - 0.7013944736621376
    - -0.00064246427116188
    - -0.0987582372651908
  - - 0.0
    - 0.0
    - 0.0
    - 1.0
  T_cn_cnm1:
  - - 0.005914667701575005
    - 0.00970340516319522
    - -0.9999354282323567
    - -0.10080778969408415
  - - -0.0018637195266161663
    - 0.9999512894701966
    - 0.009692535087623506
    - 0.001534714038025603
  - - 0.9999807714428881
    - 0.0018062710587227852
    - 0.005932464020654948
    - -0.10174891610997806
  - - 0.0
    - 0.0
    - 0.0
    - 1.0
  cam_overlaps: []
  camera_model: omni
  distortion_coeffs:
  - -0.2172065915345015
  - 0.3857127748422569
  - -0.00023293530548314231
  - 0.0004265861996505244
  distortion_model: radtan
  intrinsics:
  - 2.0281931420292127
  - 1105.501457313875
  - 1105.83326888899
  - 670.3049308503298
  - 363.92986422446916
  resolution:
  - 1280
  - 720
  rostopic: CAM_C
cam3:
  T_cam_imu:
  - - 0.7132127724745928
    - -0.7008870712757387
    - -0.00921165010311692
    - -0.011961511234085686
  - - -0.007851728742378883
    - 0.005152457214608108
    - -0.999955900297812
    - 0.060931012323222414
  - - 0.7009036249976601
    - 0.7132536473816093
    - -0.0018283768676101708
    - -0.11148231776218376
  - - 0.0
    - 0.0
    - 0.0
    - 1.0
  T_cn_cnm1:
  - - -0.002869983309342017
    - 0.006623402709936979
    - -0.9999739465267751
    - -0.10252374664672882
  - - -0.003415150594520594
    - 0.9999721683637837
    - 0.006633192612713534
    - 0.0007542059623751768
  - - 0.9999900499216022
    - 0.0034340987700721796
    - -0.0028472835153079967
    - -0.10091019114171863
  - - 0.0
    - 0.0
    - 0.0
    - 1.0
  cam_overlaps: []
  camera_model: omni
  distortion_coeffs:
  - -0.1918092965024199
  - 0.49010329824874016
  - 0.0007743900323585036
  - 4.965097579945239e-05
  distortion_model: radtan
  intrinsics:
  - 2.118109081741645
  - 1147.7516125011268
  - 1148.335856169043
  - 644.80217848585
  - 342.1810641611838
  resolution:
  - 1280
  - 720
  rostopic: CAM_D
