cam0:
  cam_overlaps: [1]
  camera_model: pinhole
  distortion_coeffs: [0.0019542539478918674, -9.355711747726592e-05, 1.154215637877751e-05, 0.006797887500515746]
  distortion_model: radtan
  intrinsics: [134.52045558312344, 133.39188339891385, 162.41885659215507, 119.626688495879]
  resolution: [320, 240]
  rostopic: /cam_1_1/compressed
cam1:
  T_cn_cnm1:
  - [0.9999709664150888, 0.007021736627484321, 0.002959990135168101, -0.13952037596411238]
  - [-0.007020392890547193, 0.9999752490351698, -0.0004641128149688724, -0.0033637822158709397]
  - [-0.002963175750508531, 0.00044331904640902833, 0.9999955115187704, -0.0018206824835311523]
  - [0.0, 0.0, 0.0, 1.0]
  cam_overlaps: [0]
  camera_model: pinhole
  distortion_coeffs: [-0.002712663901606837, -0.000252918982184175, 0.0010986933639378167, 0.0006106766515577222]
  distortion_model: radtan
  intrinsics: [133.3927909133752, 133.4028567515827, 160.24163180407845, 120.58500862733793]
  resolution: [320, 240]
  rostopic: /cam_2_0/compressed
