cam0:
  cam_overlaps: [1]
  camera_model: pinhole
  distortion_coeffs: [0.0010044905592098258, -0.0009291093880756094, 0.0010600518842032187, -0.0002989831433127006]
  distortion_model: radtan
  intrinsics: [134.27259542052585, 134.20880922638906, 159.90439595299992, 120.72456205516177]
  resolution: [320, 240]
  rostopic: /cam_0_1/compressed
cam1:
  T_cn_cnm1:
  - [0.9999105571385035, 0.013355655948125272, 0.0007100543334215128, -0.14300993326557723]
  - [-0.013359968004622623, 0.9998898752053185, 0.0064613246940297, -0.001902787851313964]
  - [-0.0006236809092512477, -0.0064702330778360845, 0.9999788733298496, -0.00479275919269893]
  - [0.0, 0.0, 0.0, 1.0]
  cam_overlaps: [0]
  camera_model: pinhole
  distortion_coeffs: [-0.0018856337989545443, -0.0010698565116146776, 0.003260837411637211, 0.0046281512329318176]
  distortion_model: radtan
  intrinsics: [132.9146156010627, 133.81938724700305, 161.3876733214489, 121.61867817770249]
  resolution: [320, 240]
  rostopic: /cam_1_0/compressed
