cam0:
  cam_overlaps: [1]
  camera_model: pinhole
  distortion_coeffs: [-0.0004758881305727118, -0.00033395787982904476, -0.000345158131252896, -0.00018116480498871267]
  distortion_model: radtan
  intrinsics: [134.04399646183631, 134.02783378213667, 159.95794651384972, 119.73104765087855]
  resolution: [320, 240]
  rostopic: /cam_3_1/compressed
cam1:
  T_cn_cnm1:
  - [0.9999175601933362, 0.012835174207506028, 0.00036210504893680306, -0.1439003012879887]
  - [-0.012833728330503266, 0.9999106244479907, -0.003746803059380803, 0.0017934832369789619]
  - [-0.0004101635555865386, 0.003741847015835826, 0.9999929151482851, 0.0010262859572919445]
  - [0.0, 0.0, 0.0, 1.0]
  cam_overlaps: [0]
  camera_model: pinhole
  distortion_coeffs: [-0.00037122713496759576, -0.00013606750385260837, -0.0002597458004832687, -4.8864941940957164e-05]
  distortion_model: radtan
  intrinsics: [133.89470350496566, 133.9785001865875, 160.02805311502328, 119.7218520585046]
  resolution: [320, 240]
  rostopic: /cam_0_0/compressed
