cam0:
  cam_overlaps: [1]
  camera_model: pinhole
  distortion_coeffs: [-0.0008479597353304228, -0.0007848243525118119, 0.00045974167369074306, -0.00012844786834216817]
  distortion_model: radtan
  intrinsics: [133.46517544226054, 133.43476474020883, 159.7854620010016, 120.19249011199906]
  resolution: [320, 240]
  rostopic: /cam_2_1/compressed
cam1:
  T_cn_cnm1:
  - [0.9999639952740408, 0.007001466183352844, -0.004794541360175011, -0.14310493333504393]
  - [-0.0069907056220526705, 0.9999730166605102, 0.002257429019448259, 0.0014242402282056753]
  - [0.004810217300378795, -0.00222383051409331, 0.9999859580950928, 0.0017913783006894971]
  - [0.0, 0.0, 0.0, 1.0]
  cam_overlaps: [0]
  camera_model: pinhole
  distortion_coeffs: [-0.0002818938899710855, 0.00027288932548441146, 4.352662750665867e-05, -0.001065676012543514]
  distortion_model: radtan
  intrinsics: [133.91458060005104, 133.9298590556437, 159.53662251667342, 119.9308597477711]
  resolution: [320, 240]
  rostopic: /cam_3_0/compressed
