cam0:
  cam_overlaps: [1]
  camera_model: pinhole
  distortion_coeffs: [0.0016889668654515861, -0.0016687596849781629, 0.0018889140500442509, 0.0014166004203761784]
  distortion_model: radtan
  intrinsics: [267.54415155999635, 267.11562450967125, 320.7250302838908, 241.91237999575446]
  resolution: [640, 480]
  rostopic: /cam_2_1/compressed
cam1:
  T_cn_cnm1:
  - [0.9999403832946954, 0.01026413393273882, 0.003725239732783514, -0.14671628268796047]
  - [-0.01027657318986354, 0.9999416313879066, 0.0033355450474676814, 0.001579054849392371]
  - [-0.0036907858146047073, -0.0033736288920252966, 0.9999874982859375, 0.0011741698637838843]
  - [0.0, 0.0, 0.0, 1.0]
  cam_overlaps: [0]
  camera_model: pinhole
  distortion_coeffs: [0.0006762263118486261, -0.0008960140887669979, 0.00046295350612471933, -0.0002762585298309555]
  distortion_model: radtan
  intrinsics: [267.5385222438216, 267.8027388487048, 319.41804865133633, 240.5799138819545]
  resolution: [640, 480]
  rostopic: /cam_3_0/compressed
