cam0:
  cam_overlaps: [1]
  camera_model: pinhole
  distortion_coeffs: [0.0012078461064702925, -0.0017160123374021642, 0.00032200603965228727, 0.0005678414781057856]
  distortion_model: radtan
  intrinsics: [250.84264756715032, 251.0345481581643, 300.92112045119626, 150.337976880706]
  resolution: [600, 300]
  rostopic: /cam_3_1/compressed
cam1:
  T_cn_cnm1:
  - [0.9999354041583034, 0.011351621411001298, 0.00057288926120095, -0.14514667428035102]
  - [-0.011354321229404326, 0.999923272002808, 0.0049527261797870665, 0.0013480966510233602]
  - [-0.0005166238320100294, -0.004958911022971357, 0.9999875710733991, 0.002922382967622422]
  - [0.0, 0.0, 0.0, 1.0]
  cam_overlaps: [0]
  camera_model: pinhole
  distortion_coeffs: [0.004350987681466807, -0.004988314291977451, 0.0013602716446217925, 0.0015572514827049055]
  distortion_model: radtan
  intrinsics: [251.54990104273642, 252.02925332287836, 300.6624408251712, 150.99375671611472]
  resolution: [600, 300]
  rostopic: /cam_0_0/compressed
