cam0:
  cam_overlaps: [1]
  camera_model: pinhole
  distortion_coeffs: [0.0013309593241784586, -0.0010629830796809396, 0.0002925585760739482, 0.0004014735241699632]
  distortion_model: radtan
  intrinsics: [320, 320, 320, 240]
  resolution: [640, 480]
  rostopic: /cam_0_1/compressed
cam1:
  T_cn_cnm1:
  - [0.9999555471208968, 0.008887993150917872, -0.003147595891422634, -0.14877686628178238]
  - [-0.008846177562467132, 0.9998756014121694, 0.013058592695407269, 0.004156152409473925]
  - [0.0032632690173760876, -0.013030168011214515, 0.9999097788285293, 0.0030252992880851763]
  - [0.0, 0.0, 0.0, 1.0]
  cam_overlaps: [0]
  camera_model: pinhole
  distortion_coeffs: [-0.0009728472345505133, -0.0008409420966832115, -0.0003412451017812958, 0.0016477038350983914]
  distortion_model: radtan
  intrinsics: [320, 320, 320, 240]
  resolution: [640, 480]
  rostopic: /cam_1_0/compressed
