cam0:
  cam_overlaps: [1]
  camera_model: pinhole
  distortion_coeffs: [0.0007059507928937497, -0.0018128517149658388, -0.00018415615189950013, -0.0009785465212522313]
  distortion_model: radtan
  intrinsics: [160, 160, 160, 120]
  resolution: [320, 240]
  rostopic: /cam_1_1/compressed
cam1:
  T_cn_cnm1:
  - [0.999986898591835, 0.004342573944645455, -0.0027101100002866426, -0.14458713735624854]
  - [-0.004339621727763439, 0.9999899850823228, 0.0010942661060537584, 0.0002565151370839632]
  - [0.002714834790238758, -0.0010824909173849917, 0.9999957289336144, 3.324017976516548e-05]
  - [0.0, 0.0, 0.0, 1.0]
  cam_overlaps: [0]
  camera_model: pinhole
  distortion_coeffs: [0.0014883091389888822, -0.0014957700002118084, -0.0009170693574005385, -0.0009152745531980855]
  distortion_model: radtan
  intrinsics: [160, 160, 160, 120]
  resolution: [320, 240]
  rostopic: /cam_2_0/compressed
