cam0:
  cam_overlaps: [1]
  camera_model: pinhole
  distortion_coeffs: [0.0012483813383870823, -0.0012613715216481228, 0.0005905786372989573, 0.0019518783226000497]
  distortion_model: radtan
  intrinsics: [250.5217421951503, 250.77625408257865, 301.806482935379, 150.57008935628508]
  resolution: [600, 300]
  rostopic: /cam_0_1/compressed
cam1:
  T_cn_cnm1:
  - [0.9999432933580787, 0.009812017791539241, -0.004139368921562929, -0.15401188610859667]
  - [-0.009773096787830836, 0.9999088046122369, 0.00932035611520438, 0.005651666731170911]
  - [0.004230442930234876, -0.009279373135996551, 0.9999479969412549, -0.004145482650333417]
  - [0.0, 0.0, 0.0, 1.0]
  cam_overlaps: [0]
  camera_model: pinhole
  distortion_coeffs: [-0.0008495580594314543, -0.0006039404204998507, -0.0029176961582053815, 0.00034717782916010917]
  distortion_model: radtan
  intrinsics: [250.08772143470506, 249.39466437317324, 302.31924907339493, 147.35515375833316]
  resolution: [600, 300]
  rostopic: /cam_1_0/compressed
