cam0:
  cam_overlaps: [1]
  camera_model: pinhole
  distortion_coeffs: [0.0060795334680019165, -0.002669243868181036, 0.0001506929192089189, 0.0012138646051574418]
  distortion_model: radtan
  intrinsics: [106.87408239370222, 106.93384012866726, 128.22517397170407, 128.07850985754013]
  resolution: [256, 256]
  rostopic: /cam_0_1/compressed
cam1:
  T_cn_cnm1:
  - [0.9999528416127371, 0.009694177729331283, -0.0005809206181907117, -0.15857825660846261]
  - [-0.009690764060118809, 0.9999372716865134, 0.0056162072667602855, 0.004409783509672005]
  - [0.0006353286894287991, -0.005610312850834506, 0.9999840602465483, -0.007516966774226098]
  - [0.0, 0.0, 0.0, 1.0]
  cam_overlaps: [0]
  camera_model: pinhole
  distortion_coeffs: [0.0010157746974554759, -0.0009606185217424746, -0.0020618988444780126, -0.0009017544524387442]
  distortion_model: radtan
  intrinsics: [106.30206922004596, 105.97024902707373, 128.59095007217772, 127.23806641202387]
  resolution: [256, 256]
  rostopic: /cam_1_0/compressed
