cam0:
  cam_overlaps: [1]
  camera_model: pinhole
  distortion_coeffs: [0.003233974918298786, -0.003535098144672039, -0.0028671506685822045, -0.005678513936309471]
  distortion_model: radtan
  intrinsics: [269.8152953906372, 270.7608014183918, 316.192769234423, 236.97339414018953]
  resolution: [640, 480]
  rostopic: /cam_1_1/compressed
cam1:
  T_cn_cnm1:
  - [0.9999342689996016, 0.006937806782810424, -0.009128226403575027, -0.14814044321251196]
  - [-0.006922843209949842, 0.9999746426136976, 0.0016698417578380619, -0.0029667865796343955]
  - [0.009139579975085615, -0.0016065387172919392, 0.9999569426286449, -0.00283776888204131]
  - [0.0, 0.0, 0.0, 1.0]
  cam_overlaps: [0]
  camera_model: pinhole
  distortion_coeffs: [0.0036840525509302603, -0.0034055400160936185, 0.0009833309067708803, 0.002418308404803298]
  distortion_model: radtan
  intrinsics: [269.0130728246955, 269.49748437032537, 321.63072121017746, 240.30501131915787]
  resolution: [640, 480]
  rostopic: /cam_2_0/compressed
