cam0:
  cam_overlaps: [1]
  camera_model: pinhole
  distortion_coeffs: [0.002400619009191078, -0.0008052590717476578, -0.00010136444996213079, 0.000573113738321754]
  distortion_model: radtan
  intrinsics: [134.85250657924124, 134.93386128873428, 160.6693840380373, 119.97069550473731]
  resolution: [320, 240]
  rostopic: /cam_3_1/compressed
cam1:
  T_cn_cnm1:
  - [0.9999337750302981, 0.011451995403870615, -0.0011390148932964076, -0.1488394326567788]
  - [-0.011446154718035484, 0.9999219468097015, 0.0050085756925185385, -0.00029815805296394435]
  - [0.0011962841753608484, -0.004995206659050233, 0.9999868083202925, -0.0019515560529760135]
  - [0.0, 0.0, 0.0, 1.0]
  cam_overlaps: [0]
  camera_model: pinhole
  distortion_coeffs: [0.0023447431280681215, -0.002875826415387147, 0.0017069934627414792, 0.002919416719674316]
  distortion_model: radtan
  intrinsics: [134.69745212088418, 134.84861813065348, 161.1779707375818, 120.50830681777632]
  resolution: [320, 240]
  rostopic: /cam_0_0/compressed
