cam0:
  cam_overlaps: [1]
  camera_model: pinhole
  distortion_coeffs: [0.00414113322600161, -0.0030207084604616094, -0.002956426279891612, -0.005684260709205647]
  distortion_model: radtan
  intrinsics: [108.29258705130034, 108.66312290148757, 126.4894334367833, 126.71713165762856]
  resolution: [256, 256]
  rostopic: /cam_1_1/compressed
cam1:
  T_cn_cnm1:
  - [0.9999545308988025, 0.007197075214219686, -0.006256056530666008, -0.14748331819435043]
  - [-0.007176479931549658, 0.9999687761778028, 0.0033082934055977745, -0.00172431048117239]
  - [0.006279671229140038, -0.0032632465163271625, 0.9999749581621661, 0.0016505157049712758]
  - [0.0, 0.0, 0.0, 1.0]
  cam_overlaps: [0]
  camera_model: pinhole
  distortion_coeffs: [0.006597842421566354, -0.0032229779496108463, 0.0003441156390159821, 0.001756505614971604]
  distortion_model: radtan
  intrinsics: [108.38496698768076, 108.60863363606886, 128.26975141102093, 127.73846908501427]
  resolution: [256, 256]
  rostopic: /cam_2_0/compressed
