cam0:
  cam_overlaps: [1]
  camera_model: pinhole
  distortion_coeffs: [0.002633451801538667, -0.0016920585655589807, 4.620602981238701e-05, 0.0014985698497863719]
  distortion_model: radtan
  intrinsics: [133.9125198014051, 134.02204144869023, 160.8176124693245, 119.88134285734735]
  resolution: [320, 240]
  rostopic: /cam_0_1/compressed
cam1:
  T_cn_cnm1:
  - [0.9999367274136209, 0.009980298418095142, -0.005189875993958556, -0.15580794767857262]
  - [-0.009934546990100988, 0.9999122112747376, 0.008767811572729498, 0.00480767011034121]
  - [0.005276925757330221, -0.00871569774367959, 0.9999480939865836, -0.007784266589123537]
  - [0.0, 0.0, 0.0, 1.0]
  cam_overlaps: [0]
  camera_model: pinhole
  distortion_coeffs: [-0.0002030165639915738, -0.0011548039867816456, -0.003104305984364385, 0.000507274004514429]
  distortion_model: radtan
  intrinsics: [133.16142392502294, 132.76245106067597, 161.4596308082033, 118.34378170872559]
  resolution: [320, 240]
  rostopic: /cam_1_0/compressed
