cam0:
  cam_overlaps: [1]
  camera_model: pinhole
  distortion_coeffs: [0.005106126841265866, -0.004730309456376741, -0.0034125776223760413, -0.006009789559837966]
  distortion_model: radtan
  intrinsics: [252.92532769263906, 253.7989510307621, 296.0032157915347, 146.78982415931694]
  resolution: [600, 300]
  rostopic: /cam_1_1/compressed
cam1:
  T_cn_cnm1:
  - [0.9999305192827099, 0.007126579835946295, -0.009389806539041019, -0.14910016130501244]
  - [-0.007113606423556666, 0.9999736978001206, 0.001414323722638899, -0.0035474741562798247]
  - [0.009399638857395911, -0.0013474300663001008, 0.9999549145944309, -0.0030859469916968574]
  - [0.0, 0.0, 0.0, 1.0]
  cam_overlaps: [0]
  camera_model: pinhole
  distortion_coeffs: [0.005435258466134695, -0.004609789242046668, 0.0007726123165716702, 0.0023209133547054703]
  distortion_model: radtan
  intrinsics: [252.0292214772761, 252.55504271315823, 301.41216104224236, 150.1261002426708]
  resolution: [600, 300]
  rostopic: /cam_2_0/compressed
