cam0:
  T_cam_imu:
    - [0.7161556926861189, -0.01500913127932729, -0.697779155472206, -0.09497516244867599]
    - [-0.697903007683301, -0.0257708063550357, -0.715728480225856, -0.1713705532946215]
    - [-0.007239868774191249, 0.9995551968340973, -0.02893082753882648, 0.0827964444361859]
    - [0, 0, 0, 1]
  cam_overlaps: [1, 2]
  camera_model: omni
  distortion_coeffs: [-0.17703529535292872, 0.7517933338735744, -0.0008911425891703079, 2.1653595535258756e-05]
  distortion_model: radtan
  intrinsics: [2.2176903753419963, 1162.5434300524314, 1161.839362615319, 660.6393183718625, 386.1663300322095]
  resolution: [1280, 800]
  rostopic: /arducam/image_0/compressed
cam1:
  T_cam_imu:
  - [-0.6966505449941005, -0.02923637822988795, -0.7168146569005283, -0.07021945238497673]
  - [-0.7154497246903671, -0.04551199825827945, 0.6971802847578353, -0.03924765107767916]
  - [-0.05300669391596713, 0.9985358742691909, 0.01078879963488411, 0.09410552837545783]
  - [0, 0, 0, 1]
  T_cn_cnm1:
  - [-0.00953816615977554, -0.0008626872194280964, 0.9999541385268998, 0.05884167283279384]
  - [0.010536511115216777, 0.9999440255403149, 0.0009631820976882342, 0.00018985293901816255]
  - [-0.9998989975591693, 0.010545214886185546, -0.009528542552601715, -0.05943766981119196]
  - [0.0, 0.0, 0.0, 1.0]
  cam_overlaps: [0, 3]
  camera_model: omni
  distortion_coeffs: [-0.18005985723356652, 0.7176414712607518, -0.0001958804913746405, -0.00044887427838588437]
  distortion_model: radtan
  intrinsics: [2.2018381762012917, 1145.5601917581, 1145.2826874219654, 615.1839825006422, 378.4220026715279]
  resolution: [1280, 800]
  rostopic: /arducam/image_1/compressed
cam2:
  T_cam_imu:
  - [-0.7210646807006877, -0.02566430169092127, 0.6923922803330008, 0.04241104246283926]
  - [0.6928602699557402, -0.02206335229870815, 0.7207342470024592, -0.04389756449056636]
  - [-0.003220646344157307, 0.9994271119516723, 0.03369087907825186, 0.08834466314657473]
  - [0, 0, 0, 1]
  T_cn_cnm1:
  - [-0.015653026592133634, -0.004043895838317765, -0.9998693062920593, -0.0590936001707746]
  - [-0.004673137596201709, 0.9999811955404677, -0.003971190057533632, -2.703059205098209e-05]
  - [0.9998665633690939, 0.004610365702948533, -0.015671629927105468, -0.05825619400749433]
  - [0.0, 0.0, 0.0, 1.0]
  cam_overlaps: [1, 2]
  camera_model: omni
  distortion_coeffs: [-0.008030847404480072, 6.163186945258687, -0.001387683027020804, 0.000271770386207973]
  distortion_model: radtan
  intrinsics: [3.021182574844649, 1483.33422731235, 1482.331235994619, 639.5250467168805, 385.109345612116]
  resolution: [1280, 800]
  rostopic: /arducam/image_2/compressed
cam3:
  T_cam_imu:
  - [0.7064497763974492, -0.01323849579215985, 0.7076393542314864, 0.04441724511513312]
  - [0.7074507399964071, -0.01649677682323403, -0.7065701004380107, -0.150395698303672]
  - [0.02102769379960889, 0.9997762742652005, -0.002288560653449512, 0.08613456597950953]
  - [0, 0, 0, 1]
  T_cn_cnm1:
  - [-0.9999549700382054, 0.007427446917005081, -0.005906854338772819, -0.02652976250632348]
  - [0.007298460465728413, 0.9997407772716985, 0.021566426106407827, 0.002160622717393526]
  - [0.006065506632970321, 0.021522344028195937, -0.9997499679103822, -0.14460617203356788]
  - [0.0, 0.0, 0.0, 1.0]
  cam_overlaps: [0, 3]
  camera_model: omni
  distortion_coeffs: [-0.1941181765127766, 0.43567603371451347, -0.001001487064567483, 0.00017201443530900348]
  distortion_model: radtan
  intrinsics: [2.0702174555251935, 1117.6323506068802, 1117.7869841866946, 651.5077968038518, 384.16693082597965]
  resolution: [1280, 800]
  rostopic: /arducam/image_3/compressed