cam0:
  T_cam_imu:
    - [0.7148475951490723, -0.01945823632821353, -0.6990095083391811, -0.05577667981960013]
    - [-0.6992801711518974, -0.02045951891028897, -0.7145548616584543, -0.06188482898479359]
    - [-0.000397420886713018, 0.9996013130868502, -0.02823219672083432, 0.04650255281722006]
    - [0, 0, 0, 1]
  cam_overlaps: [1, 2]
  camera_model: omni
  distortion_coeffs: [-0.17703529535292872, 0.7517933338735744, -0.0008911425891703079, 2.1653595535258756e-05]
  distortion_model: radtan
  intrinsics: [2.2176903753419963, 1162.5434300524314, 1161.839362615319, 660.6393183718625, 386.1663300322095]
  resolution: [1280, 800]
  rostopic: /arducam/image_0/compressed
cam1:
  T_cam_imu:
  - [-0.6975409956082297, -0.03299291526455572, -0.7157849027384035, -0.05226802318878985]
  - [-0.7146903414134641, -0.03978909244625406, 0.6983083445102239, 0.02423842077644005]
  - [-0.05151965970564931, 0.9986632543879089, 0.004174805284657079, 0.04828980997831506]
  - [0, 0, 0, 1]
  T_cn_cnm1:
  - [-0.00953816615977554, -0.0008626872194280964, 0.9999541385268998, 0.05884167283279384]
  - [0.010536511115216777, 0.9999440255403149, 0.0009631820976882342, 0.00018985293901816255]
  - [-0.9998989975591693, 0.010545214886185546, -0.009528542552601715, -0.05943766981119196]
  - [0.0, 0.0, 0.0, 1.0]
  cam_overlaps: [0, 3]
  camera_model: omni
  distortion_coeffs: [-0.18005985723356652, 0.7176414712607518, -0.0001958804913746405, -0.00044887427838588437]
  distortion_model: radtan
  intrinsics: [2.2018381762012917, 1145.5601917581, 1145.2826874219654, 615.1839825006422, 378.4220026715279]
  resolution: [1280, 800]
  rostopic: /arducam/image_1/compressed
cam2:
  T_cam_imu:
  - [-0.715946016483048, -0.02596191467346903, 0.6976727603028103, 0.05614281056053839]
  - [0.6981218493176717, -0.0167900208814169, 0.715782074869213, 0.03471681181323959]
  - [-0.006869132938673139, 0.9995219228137464, 0.03014532845038753, 0.04698330541991604]
  - [0, 0, 0, 1]
  T_cn_cnm1:
  - [-0.015653026592133634, -0.004043895838317765, -0.9998693062920593, -0.0590936001707746]
  - [-0.004673137596201709, 0.9999811955404677, -0.003971190057533632, -2.703059205098209e-05]
  - [0.9998665633690939, 0.004610365702948533, -0.015671629927105468, -0.05825619400749433]
  - [0.0, 0.0, 0.0, 1.0]
  cam_overlaps: [1, 2]
  camera_model: omni
  distortion_coeffs: [-0.008030847404480072, 6.163186945258687, -0.001387683027020804, 0.000271770386207973]
  distortion_model: radtan
  intrinsics: [3.021182574844649, 1483.33422731235, 1482.331235994619, 639.5250467168805, 385.109345612116]
  resolution: [1280, 800]
  rostopic: /arducam/image_2/compressed
cam3:
  T_cam_imu:
  - [0.7092376769324661, -0.01738588191162382, 0.7047550274596088, 0.06272201618622331]
  - [0.7046961077773318, -0.01035149420725401, -0.7094337476122462, -0.05740271082027219]
  - [0.01962939894438848, 0.9997952678812959, 0.004910093609064914, 0.05010192065703399]
  - [0, 0, 0, 1]
  T_cn_cnm1:
  - [-0.9999549700382054, 0.007427446917005081, -0.005906854338772819, -0.02652976250632348]
  - [0.007298460465728413, 0.9997407772716985, 0.021566426106407827, 0.002160622717393526]
  - [0.006065506632970321, 0.021522344028195937, -0.9997499679103822, -0.14460617203356788]
  - [0.0, 0.0, 0.0, 1.0]
  cam_overlaps: [0, 3]
  camera_model: omni
  distortion_coeffs: [-0.1941181765127766, 0.43567603371451347, -0.001001487064567483, 0.00017201443530900348]
  distortion_model: radtan
  intrinsics: [2.0702174555251935, 1117.6323506068802, 1117.7869841866946, 651.5077968038518, 384.16693082597965]
  resolution: [1280, 800]
  rostopic: /arducam/image_3/compressed