cam0:
  T_cam_imu:
    - [0.7107086239912035, 0.004122538656468, -0.7034744177719301, -0.07148426322255262]
    - [-0.7034532873979986, -0.005551790764379172, -0.7107198112253923, -0.05496847324006515]
    - [-0.006835512671257538, 0.9999760908613438, -0.00104569220452122, 0.07037529822976242]
    - [0, 0, 0, 1]
  cam_overlaps: [1, 2]
  camera_model: omni
  distortion_coeffs: [-0.17703529535292872, 0.7517933338735744, -0.0008911425891703079, 2.1653595535258756e-05]
  distortion_model: radtan
  intrinsics: [2.2176903753419963, 1162.5434300524314, 1161.839362615319, 660.6393183718625, 386.1663300322095]
  resolution: [1280, 800]
  rostopic: /arducam/image_0/compressed
cam1:
  T_cam_imu:
  - [-0.7105668919606463, 0.01068441679104215, -0.7035485308684991, -0.06920908459179451]
  - [-0.7036267309639265, -0.01367253688702585, 0.7104382346186695, 0.03293284044924102]
  - [-0.002028675037154204, 0.9998494411524712, 0.01723309329996781, 0.07225382593516298]
  - [0, 0, 0, 1]
  T_cn_cnm1:
  - [-0.00953816615977554, -0.0008626872194280964, 0.9999541385268998, 0.05884167283279384]
  - [0.010536511115216777, 0.9999440255403149, 0.0009631820976882342, 0.00018985293901816255]
  - [-0.9998989975591693, 0.010545214886185546, -0.009528542552601715, -0.05943766981119196]
  - [0.0, 0.0, 0.0, 1.0]
  cam_overlaps: [0, 3]
  camera_model: omni
  distortion_coeffs: [-0.18005985723356652, 0.7176414712607518, -0.0001958804913746405, -0.00044887427838588437]
  distortion_model: radtan
  intrinsics: [2.2018381762012917, 1145.5601917581, 1145.2826874219654, 615.1839825006422, 378.4220026715279]
  resolution: [1280, 800]
  rostopic: /arducam/image_1/compressed
cam2:
  T_cam_imu:
  - [-0.7097805303582374, -0.01549405142383981, 0.7042524640317949, 0.05217460978017374]
  - [ 0.7043744721650507, -0.003889974347104586, 0.7098179140186482, 0.03270440402467644]
  - [-0.008258431242398723, 0.9998723930932658, 0.01367464234853322, 0.07042967718436338]
  - [0, 0, 0, 1]
  T_cn_cnm1:
  - [-0.015653026592133634, -0.004043895838317765, -0.9998693062920593, -0.0590936001707746]
  - [-0.004673137596201709, 0.9999811955404677, -0.003971190057533632, -2.703059205098209e-05]
  - [0.9998665633690939, 0.004610365702948533, -0.015671629927105468, -0.05825619400749433]
  - [0.0, 0.0, 0.0, 1.0]
  cam_overlaps: [1, 2]
  camera_model: omni
  distortion_coeffs: [-0.008030847404480072, 6.163186945258687, -0.001387683027020804, 0.000271770386207973]
  distortion_model: radtan
  intrinsics: [3.021182574844649, 1483.33422731235, 1482.331235994619, 639.5250467168805, 385.109345612116]
  resolution: [1280, 800]
  rostopic: /arducam/image_2/compressed
cam3:
  T_cam_imu:
  - [ 0.7149827116722198, -0.009018663027386964, 0.6990839618579716, 0.05555425019807349]
  - [ 0.69908228806351, -0.003860574226589142, -0.7150308038696858, -0.05447690783293858]
  - [ 0.009147487399672916, 0.9999518786840893, 0.003544543755320761, 0.07040853016734919]
  - [ 0, 0, 0, 1]
  T_cn_cnm1:
  - [-0.9999549700382054, 0.007427446917005081, -0.005906854338772819, -0.02652976250632348]
  - [0.007298460465728413, 0.9997407772716985, 0.021566426106407827, 0.002160622717393526]
  - [0.006065506632970321, 0.021522344028195937, -0.9997499679103822, -0.14460617203356788]
  - [0.0, 0.0, 0.0, 1.0]
  cam_overlaps: [0, 3]
  camera_model: omni
  distortion_coeffs: [-0.1941181765127766, 0.43567603371451347, -0.001001487064567483, 0.00017201443530900348]
  distortion_model: radtan
  intrinsics: [2.0702174555251935, 1117.6323506068802, 1117.7869841866946, 651.5077968038518, 384.16693082597965]
  resolution: [1280, 800]
  rostopic: /arducam/image_3/compressed