cam0:
  T_cam_imu:
  - [0.7099140396435878, 0.004561251010928691, -0.7042735628334618, -0.07466742390742226]
  - [-0.7042562628153399, -0.004945370858780329, -0.7099286299286997, -0.0494283457858443]
  - [-0.006721056635195344, 0.9999773688920589, -0.0002984986131731038, 0.06692968199566407]
  - [0, 0, 0, 1]
  cam_overlaps: [1, 2]
  camera_model: omni
  distortion_coeffs: [-0.17703529535292872, 0.7517933338735744, -0.0008911425891703079, 2.1653595535258756e-05]
  distortion_model: radtan
  intrinsics: [2.2176903753419963, 1162.5434300524314, 1161.839362615319, 660.6393183718625, 386.1663300322095]
  resolution: [1280, 800]
  rostopic: /arducam/image_0/compressed
cam1:
  T_cam_imu:
  - [-0.7107528523839279, 0.01099067252684893, -0.7033559468331227, -0.07486398328040061]
  - [-0.7034398234005107, -0.01348235606810877, 0.7106269351277866, 0.04142448798583425]
  - [-0.001672627385077952, 0.9998487041509133, 0.01731389977360309, 0.06980162777438446]
  - [0, 0, 0, 1]
  T_cn_cnm1:
  - [-0.00953816615977554, -0.0008626872194280964, 0.9999541385268998, 0.05884167283279384]
  - [0.010536511115216777, 0.9999440255403149, 0.0009631820976882342, 0.00018985293901816255]
  - [-0.9998989975591693, 0.010545214886185546, -0.009528542552601715, -0.05943766981119196]
  - [0.0, 0.0, 0.0, 1.0]
  cam_overlaps: [0, 3]
  camera_model: omni
  distortion_coeffs: [-0.18005985723356652, 0.7176414712607518, -0.0001958804913746405, -0.00044887427838588437]
  distortion_model: radtan
  intrinsics: [2.2018381762012917, 1145.5601917581, 1145.2826874219654, 615.1839825006422, 378.4220026715279]
  resolution: [1280, 800]
  rostopic: /arducam/image_1/compressed
cam2:
  T_cam_imu:
  - [-0.7095844091311929, -0.0145050592482539, 0.7044711275660207, 0.03983253404717659]
  - [0.7045779326406552, -0.003624462389377525, 0.7096173617578762, 0.03608632281976901]
  - [-0.007739712769622209, 0.9998882270176966, 0.01279180666094959, 0.06942249873470679]
  - [0, 0, 0, 1]
  T_cn_cnm1:
  - [-0.015653026592133634, -0.004043895838317765, -0.9998693062920593, -0.0590936001707746]
  - [-0.004673137596201709, 0.9999811955404677, -0.003971190057533632, -2.703059205098209e-05]
  - [0.9998665633690939, 0.004610365702948533, -0.015671629927105468, -0.05825619400749433]
  - [0.0, 0.0, 0.0, 1.0]
  cam_overlaps: [1, 2]
  camera_model: omni
  distortion_coeffs: [-0.008030847404480072, 6.163186945258687, -0.001387683027020804, 0.000271770386207973]
  distortion_model: radtan
  intrinsics: [3.021182574844649, 1483.33422731235, 1482.331235994619, 639.5250467168805, 385.109345612116]
  resolution: [1280, 800]
  rostopic: /arducam/image_2/compressed
cam3:
  T_cam_imu:
  - [0.7153583757948949, -0.008180955071211027, 0.6987098583490954, 0.04379276559707037]
  - [0.6987073273212414, -0.003637700278342759, -0.7153983770489649, -0.04591041290164727]
  - [0.008394339026852049, 0.9999599187521508, 0.003113833889997086, 0.06813410223837094]
  - [0, 0, 0, 1]
  T_cn_cnm1:
  - [-0.9999549700382054, 0.007427446917005081, -0.005906854338772819, -0.02652976250632348]
  - [0.007298460465728413, 0.9997407772716985, 0.021566426106407827, 0.002160622717393526]
  - [0.006065506632970321, 0.021522344028195937, -0.9997499679103822, -0.14460617203356788]
  - [0.0, 0.0, 0.0, 1.0]
  cam_overlaps: [0, 3]
  camera_model: omni
  distortion_coeffs: [-0.1941181765127766, 0.43567603371451347, -0.001001487064567483, 0.00017201443530900348]
  distortion_model: radtan
  intrinsics: [2.0702174555251935, 1117.6323506068802, 1117.7869841866946, 651.5077968038518, 384.16693082597965]
  resolution: [1280, 800]
  rostopic: /arducam/image_3/compressed