cam0:
  T_cam_imu:
  - [0.8239344197836965, -0.4335095637304056, 0.3649678479674332, -0.064]
  - [-0.024955729885815597, 0.6156577299501991, 0.7876184171909877, -0.043]
  - [-0.5661353932069362, -0.6580539626100916, 0.49644304693649055, 0.1]
  - [0.0, 0.0, 0.0, 1.0]
  cam_overlaps: [1, 2]
  camera_model: omni
  distortion_coeffs: [-0.17703529535292872, 0.7517933338735744, -0.0008911425891703079, 2.1653595535258756e-05]
  distortion_model: radtan
  intrinsics: [2.2176903753419963, 1162.5434300524314, 1161.839362615319, 660.6393183718625, 386.1663300322095]
  resolution: [1280, 800]
  rostopic: /arducam/image_0/compressed
cam1:
  T_cam_imu:
  - [-0.5739467238152585, -0.6544200170904425, 0.4922596870078599, -0.064]
  - [-0.016818230305663207, 0.6104217647085148, 0.7918979835177813, 0.043]
  - [-0.8187199187457923, 0.44622831644964833, -0.3613557585640439, 0.1]
  - [0.0, 0.0, 0.0, 1.0]
  T_cn_cnm1:
  - [-0.00953816615977554, -0.0008626872194280964, 0.9999541385268998, 0.05884167283279384]
  - [0.010536511115216777, 0.9999440255403149, 0.0009631820976882342, 0.00018985293901816255]
  - [-0.9998989975591693, 0.010545214886185546, -0.009528542552601715, -0.05943766981119196]
  - [0.0, 0.0, 0.0, 1.0]
  cam_overlaps: [0, 3]
  camera_model: omni
  distortion_coeffs: [-0.18005985723356652, 0.7176414712607518, -0.0001958804913746405, -0.00044887427838588437]
  distortion_model: radtan
  intrinsics: [2.2018381762012917, 1145.5601917581, 1145.2826874219654, 615.1839825006422, 378.4220026715279]
  resolution: [1280, 800]
  rostopic: /arducam/image_1/compressed
cam2:
  T_cam_imu:
  - [0.5786320218076653, 0.6562886181693308, -0.4842212645063866, 0.064]
  - [-0.03865966074079369, 0.615110820903837, 0.7874922911612625, 0.043]
  - [0.8146719670948428, -0.4369484267832968, 0.38129471326183045, 0.1]
  - [0.0, 0.0, 0.0, 1.0]
  T_cn_cnm1:
  - [-0.9999549700382054, 0.007427446917005081, -0.005906854338772819, -0.02652976250632348]
  - [0.007298460465728413, 0.9997407772716985, 0.021566426106407827, 0.002160622717393526]
  - [0.006065506632970321, 0.021522344028195937, -0.9997499679103822, -0.14460617203356788]
  - [0.0, 0.0, 0.0, 1.0]
  cam_overlaps: [0, 3]
  camera_model: omni
  distortion_coeffs: [-0.1941181765127766, 0.43567603371451347, -0.001001487064567483, 0.00017201443530900348]
  distortion_model: radtan
  intrinsics: [2.0702174555251935, 1117.6323506068802, 1117.7869841866946, 651.5077968038518, 384.16693082597965]
  resolution: [1280, 800]
  rostopic: /arducam/image_3/compressed
cam3:
  T_cam_imu:
  - [-0.8234665013779391, 0.4241309730921434, -0.3768498889110737, 0.064]
  - [-0.04459817803812152, 0.6137675323098651, 0.7882261216160875, -0.043]
  - [0.5656093383458738, 0.6658846251012038, -0.48650153384113065, 0.1]
  - [0.0, 0.0, 0.0, 1.0]
  T_cn_cnm1:
  - [-0.015653026592133634, -0.004043895838317765, -0.9998693062920593, -0.0590936001707746]
  - [-0.004673137596201709, 0.9999811955404677, -0.003971190057533632, -2.703059205098209e-05]
  - [0.9998665633690939, 0.004610365702948533, -0.015671629927105468, -0.05825619400749433]
  - [0.0, 0.0, 0.0, 1.0]
  cam_overlaps: [1, 2]
  camera_model: omni
  distortion_coeffs: [-0.008030847404480072, 6.163186945258687, -0.001387683027020804, 0.000271770386207973]
  distortion_model: radtan
  intrinsics: [3.021182574844649, 1483.33422731235, 1482.331235994619, 639.5250467168805, 385.109345612116]
  resolution: [1280, 800]
  rostopic: /arducam/image_2/compressed
