cam0:
  T_cam_imu:
    - [0.7174073804970106, -0.01564938174096075, -0.6964781024982361, -0.06097900812436802]
    - [ -0.6966196294343088, -0.02603052427154262, -0.7169682724451309, -0.06002808995269644]
    - [-0.006909579960027001, 0.99953864790576, -0.02957615673987535, 0.07273033380178295]
    - [0, 0, 0, 1]
  cam_overlaps: [1, 2]
  camera_model: omni
  distortion_coeffs: [-0.17703529535292872, 0.7517933338735744, -0.0008911425891703079, 2.1653595535258756e-05]
  distortion_model: radtan
  intrinsics: [2.2176903753419963, 1162.5434300524314, 1161.839362615319, 660.6393183718625, 386.1663300322095]
  resolution: [1280, 800]
  rostopic: /arducam/image_0/compressed
cam1:
  T_cam_imu:
  - [-0.6963481869529664, -0.03032685821254982, -0.717063096385717, -0.06396359576626763]
  - [-0.7157502567302338, -0.0443281501688404, 0.6969480504981795, 0.03323175096139599]
  - [-0.05292232532609104, 0.9985566066946654, 0.009161370449596973, 0.07661609683948548]
  - [0, 0, 0, 1]
  T_cn_cnm1:
  - [-0.00953816615977554, -0.0008626872194280964, 0.9999541385268998, 0.05884167283279384]
  - [0.010536511115216777, 0.9999440255403149, 0.0009631820976882342, 0.00018985293901816255]
  - [-0.9998989975591693, 0.010545214886185546, -0.009528542552601715, -0.05943766981119196]
  - [0.0, 0.0, 0.0, 1.0]
  cam_overlaps: [0, 3]
  camera_model: omni
  distortion_coeffs: [-0.18005985723356652, 0.7176414712607518, -0.0001958804913746405, -0.00044887427838588437]
  distortion_model: radtan
  intrinsics: [2.2018381762012917, 1145.5601917581, 1145.2826874219654, 615.1839825006422, 378.4220026715279]
  resolution: [1280, 800]
  rostopic: /arducam/image_1/compressed
cam2:
  T_cam_imu:
  - [-0.7205065045437071, -0.02584534691930684, 0.6929663736090157, 0.06257371143720521]
  - [0.6934340322086384, -0.02047017313341359, 0.7202292794567279, 0.03671563194427837]
  - [-0.004429433945591421, 0.9994563472480972, 0.03267093601984616, 0.07961301821473304]
  - [0, 0, 0, 1]
  T_cn_cnm1:
  - [-0.015653026592133634, -0.004043895838317765, -0.9998693062920593, -0.0590936001707746]
  - [-0.004673137596201709, 0.9999811955404677, -0.003971190057533632, -2.703059205098209e-05]
  - [0.9998665633690939, 0.004610365702948533, -0.015671629927105468, -0.05825619400749433]
  - [0.0, 0.0, 0.0, 1.0]
  cam_overlaps: [1, 2]
  camera_model: omni
  distortion_coeffs: [-0.008030847404480072, 6.163186945258687, -0.001387683027020804, 0.000271770386207973]
  distortion_model: radtan
  intrinsics: [3.021182574844649, 1483.33422731235, 1482.331235994619, 639.5250467168805, 385.109345612116]
  resolution: [1280, 800]
  rostopic: /arducam/image_2/compressed
cam3:
  T_cam_imu:
  - [0.7076610279220332, -0.01311027391806041, 0.706430456788299, 0.07167922529609998]
  - [0.7062031732666952, -0.01829384310043158, -0.7077728543626598, -0.05642442973625867]
  - [0.02220242393031335, 0.999746695929729, -0.0036873227697658, 0.07680580147134242]
  - [0, 0, 0, 1]
  T_cn_cnm1:
  - [-0.9999549700382054, 0.007427446917005081, -0.005906854338772819, -0.02652976250632348]
  - [0.007298460465728413, 0.9997407772716985, 0.021566426106407827, 0.002160622717393526]
  - [0.006065506632970321, 0.021522344028195937, -0.9997499679103822, -0.14460617203356788]
  - [0.0, 0.0, 0.0, 1.0]
  cam_overlaps: [0, 3]
  camera_model: omni
  distortion_coeffs: [-0.1941181765127766, 0.43567603371451347, -0.001001487064567483, 0.00017201443530900348]
  distortion_model: radtan
  intrinsics: [2.0702174555251935, 1117.6323506068802, 1117.7869841866946, 651.5077968038518, 384.16693082597965]
  resolution: [1280, 800]
  rostopic: /arducam/image_3/compressed