cam0:
  cam_overlaps: [1]
  camera_model: pinhole
  distortion_coeffs: [0.0011203693631097577, 0.0010152908594904912, 0.00014360388204648906, 0.005662412734741116]
  distortion_model: radtan
  intrinsics: [160.38618941148968, 159.549443620718, 162.5268552822644, 120.07207151725444]
  resolution: [320, 240]
  rostopic: /cam_3_1/compressed
cam1:
  T_cn_cnm1:
  - [0.9999741140482407, 0.0022351431852781416, -0.006839252033617001, -0.08133237874873962]
  - [-0.0023022042858094507, 0.9999491990393566, -0.009813215374038434, -0.0007876389068413129]
  - [0.0068169706515746565, 0.009828706704962173, 0.9999284601588482, 0.00012124672463034489]
  - [0.0, 0.0, 0.0, 1.0]
  cam_overlaps: [0]
  camera_model: pinhole
  distortion_coeffs: [-0.004058926376464564, 0.005637625421086242, -0.00039253531468768613, 0.00043257179450314093]
  distortion_model: radtan
  intrinsics: [159.5340953868005, 159.77900421040547, 160.14582299182473, 119.65219278519592]
  resolution: [320, 240]
  rostopic: /cam_2_0/compressed
