cam0:
  cam_overlaps: [1]
  camera_model: pinhole
  distortion_coeffs: [0.00097508582406593, 0.00013600473808492912, -6.260176083609659e-05, 0.0006160239925903918]
  distortion_model: radtan
  intrinsics: [301.28671318456446, 301.6045581162335, 301.38900322671367, 150.12200311093918]
  resolution: [600, 300]
  rostopic: /cam_0_1/compressed
cam1:
  T_cn_cnm1:
  - [0.9999670754418045, -0.0020350131509434956, 0.007855364653518403, -0.11654161727440548]
  - [0.0020998622058004657, 0.9999637139999358, -0.008255983416358796, -0.0005379903544606915]
  - [-0.007838278578929818, 0.008272206775101047, 0.999935063883645, 0.0008738459486846855]
  - [0.0, 0.0, 0.0, 1.0]
  cam_overlaps: [0]
  camera_model: pinhole
  distortion_coeffs: [0.003552897731265225, -0.002767514700012873, -0.00011521066837111109, 0.003475413861786903]
  distortion_model: radtan
  intrinsics: [301.0007003044423, 302.60951713222124, 301.5706400522097, 150.10384343459506]
  resolution: [600, 300]
  rostopic: /cam_3_0/compressed
