cam0:
  cam_overlaps: [1]
  camera_model: pinhole
  distortion_coeffs: [-0.0006370640674795497, -0.00031602064338835087, 1.4573811183866812e-05, 0.00022846072038622842]
  distortion_model: radtan
  intrinsics: [160.02716634455595, 159.94900016544227, 160.1519179158972, 119.85178522530765]
  resolution: [320, 240]
  rostopic: /cam_2_1/compressed
cam1:
  T_cn_cnm1:
  - [0.9999867657544935, -0.004703548083612399, 0.0020844546748683213, -0.11692193179462629]
  - [0.004754233469751083, 0.9996757091119289, -0.025017471408517622, -0.0016043540234316233]
  - [-0.001966107825510304, 0.025027050305340505, 0.999684840923894, -0.00010275760636220263]
  - [0.0, 0.0, 0.0, 1.0]
  cam_overlaps: [0]
  camera_model: pinhole
  distortion_coeffs: [-0.0014516129671500223, 0.0007368974073922366, 0.0007007431491814872, 0.0018496555950824277]
  distortion_model: radtan
  intrinsics: [159.4885182453917, 160.28281110028382, 160.2254958137348, 120.08010104373594]
  resolution: [320, 240]
  rostopic: /cam_1_0/compressed
