cam0:
  cam_overlaps: [1]
  camera_model: pinhole
  distortion_coeffs: [4.2174983225503246e-05, -0.0007473906431593156, 0.00019303682985987735, 0.002664143960030213]
  distortion_model: radtan
  intrinsics: [299.8323249555126, 299.13456071861907, 302.56500991336515, 149.80371083683443]
  resolution: [600, 300]
  rostopic: /cam_1_1/compressed
cam1:
  T_cn_cnm1:
  - [0.9997884531442198, 0.018419348239351745, 0.009152954163930194, -0.08086211838435521]
  - [-0.018301145438334037, 0.9997501426598597, -0.01283434171418622, 0.0004625124006303656]
  - [-0.009387067440604795, 0.012664117104206077, 0.9998757438316213, 0.0006123185259130899]
  - [0.0, 0.0, 0.0, 1.0]
  cam_overlaps: [0]
  camera_model: pinhole
  distortion_coeffs: [-0.005255881007632957, 0.006309321140427647, -6.225182841998276e-05, -0.0007016998022732509]
  distortion_model: radtan
  intrinsics: [299.2181129696736, 299.68806792961874, 298.70575106299384, 149.3211389394167]
  resolution: [600, 300]
  rostopic: /cam_0_0/compressed
