cam0:
  cam_overlaps: [1]
  camera_model: pinhole
  distortion_coeffs: [-0.0020306080583392637, 0.002220059996348363, 0.000647515235337641, 0.002445854275052795]
  distortion_model: radtan
  intrinsics: [159.87992629277548, 159.51178302728337, 161.15849665423727, 120.16093272534695]
  resolution: [320, 240]
  rostopic: /cam_1_1/compressed
cam1:
  T_cn_cnm1:
  - [0.9997961519610481, 0.018297718550864216, 0.008535105137947351, -0.08093239585117053]
  - [-0.018186769091807, 0.9997513776764667, -0.012900552856746636, 0.00040113706158827027]
  - [-0.008769033805599643, 0.01274269711802724, 0.9998803567008785, 0.0010194149490083276]
  - [0.0, 0.0, 0.0, 1.0]
  cam_overlaps: [0]
  camera_model: pinhole
  distortion_coeffs: [-0.00155221915122733, 0.001252594961516851, 0.00024855527015951425, -0.0009185622889173897]
  distortion_model: radtan
  intrinsics: [159.5508829476747, 159.7989093449233, 159.25341575363728, 119.93352128053203]
  resolution: [320, 240]
  rostopic: /cam_0_0/compressed
