cam0:
  cam_overlaps: [1]
  camera_model: pinhole
  distortion_coeffs: [-0.0004734552555449969, 0.0005341125499619671, 0.0002344652743481893, 0.00017886188614294382]
  distortion_model: radtan
  intrinsics: [160.35476659704833, 160.4838226942181, 160.43843743716852, 120.15962123621637]
  resolution: [320, 240]
  rostopic: /cam_0_1/compressed
cam1:
  T_cn_cnm1:
  - [0.999960530398337, -0.0022407348119789696, 0.008597485270542528, -0.11698196420139369]
  - [0.0023164553258451827, 0.9999585304828351, -0.008807459868227323, -0.0006138287001969315]
  - [-0.008577393555047691, 0.008827027931838493, 0.9999242530800474, 0.0010406384677787727]
  - [0.0, 0.0, 0.0, 1.0]
  cam_overlaps: [0]
  camera_model: pinhole
  distortion_coeffs: [0.00044031216229669057, -6.956939100562647e-05, 0.00028606728584512, 0.0025918114752230973]
  distortion_model: radtan
  intrinsics: [160.19810476034183, 161.04100801416368, 160.5566438650746, 120.25337601021386]
  resolution: [320, 240]
  rostopic: /cam_3_0/compressed
