cam0:
  cam_overlaps: [1]
  camera_model: pinhole
  distortion_coeffs: [0.002739466162626734, 0.0016796901385669088, 0.00015693724624027538, 0.007195704061728076]
  distortion_model: radtan
  intrinsics: [301.32552298328574, 299.7784497110715, 306.5253159196689, 150.34869447637445]
  resolution: [600, 300]
  rostopic: /cam_3_1/compressed
cam1:
  T_cn_cnm1:
  - [0.999939992202782, 0.002017615971274997, -0.010767600442210925, -0.08104078767291778]
  - [-0.0021188585834055556, 0.9999535796602779, -0.009399412901356345, -0.0008969083477636073]
  - [0.010748136200950073, 0.009421663885912696, 0.9998978496915657, -0.0010889146622267598]
  - [0.0, 0.0, 0.0, 1.0]
  cam_overlaps: [0]
  camera_model: pinhole
  distortion_coeffs: [-0.02177579051860311, 0.034828630355968025, -0.00028399811378170345, 0.0035834811728354555]
  distortion_model: radtan
  intrinsics: [300.1869500823931, 300.39548059395935, 302.95414299925915, 149.49532168450037]
  resolution: [600, 300]
  rostopic: /cam_2_0/compressed
