cam0:
  cam_overlaps: [1]
  camera_model: pinhole
  distortion_coeffs: [-0.0013612829162826343, -0.0014880856349261291, -0.0004211769725027221, -0.0011211188017382042]
  distortion_model: radtan
  intrinsics: [300.7769392489538, 300.56672645602265, 299.999918742782, 149.45449456602196]
  resolution: [600, 300]
  rostopic: /cam_2_1/compressed
cam1:
  T_cn_cnm1:
  - [0.9999876341778815, -0.004679354923160523, -0.0016837840783321364, -0.11683797146449454]
  - [0.004634389469861377, 0.9996567650534798, -0.02578516079161663, -0.001449921716256553]
  - [0.001803864063888799, 0.025777038625702898, 0.9996660894289272, -0.0006739652966702372]
  - [0.0, 0.0, 0.0, 1.0]
  cam_overlaps: [0]
  camera_model: pinhole
  distortion_coeffs: [-0.00021253122447572527, 0.000892881612696963, 0.0005355003555364699, 0.002763397188933594]
  distortion_model: radtan
  intrinsics: [299.55828129190184, 300.84484529778035, 301.14158145745864, 150.04790589884624]
  resolution: [600, 300]
  rostopic: /cam_1_0/compressed
