cam0:
  T_cam_imu:
  - [-0.6992520951227361, -0.7146070406855104, 0.019577662505049387, 0.014654896512424102]
  - [-0.015203526777611831, -0.012514246321334577, -0.9998061044085158, 0.0594009237090374]
  - [0.7147134812216618, -0.6994141627402941, -0.002113934319456945, -0.11165812741461165]
  - [0.0, 0.0, 0.0, 1.0]
  cam_overlaps: [1, 3]
  camera_model: omni
  distortion_coeffs: [-0.20342145547805665, 0.44246352315803444, 0.0014086219748151978, 0.004142889536127003]
  distortion_model: radtan
  intrinsics: [2.074434304933351, 1119.8836995186214, 1120.549370473925, 627.7387881150906, 384.89918692744476]
  resolution: [1280, 720]
  rostopic: /oak_ffc_4p/image_CAM_A/compressed
cam1:
  T_cam_imu:
  - [-0.7069160171461794, 0.7072905934021041, 0.0031242898521884888, 0.0008358055574183498]
  - [-0.014058725620811507, -0.009634656998739596, -0.9998547522607639, 0.05384065576999137]
  - [-0.7071577595813395, -0.7068572627266514, 0.016754497738939736, -0.097394178082263]
  - [0.0, 0.0, 0.0, 1.0]
  T_cn_cnm1:
  - [-0.028013562439041684, 0.008446485327778782, -0.9995718569493056, -0.11995336075525301]
  - [-0.005570613090672361, 0.9999474530406809, 0.008605778712648799, -0.009494215725876056]
  - [0.9995920210712316, 0.00580930659069284, -0.027965038309778756, -0.09362337222539804]
  - [0.0, 0.0, 0.0, 1.0]
  cam_overlaps: [0, 2]
  camera_model: omni
  distortion_coeffs: [-0.24451270518056872, 0.910456628402535, -0.006396531425546866, -0.008098152770574303]
  distortion_model: radtan
  intrinsics: [2.25594140116522, 1220.718913089475, 1220.2267158533648, 653.8834405352604, 383.1206106138276]
  resolution: [1280, 720]
  rostopic: /oak_ffc_4p/image_CAM_B/compressed
cam2:
  T_cam_imu:
  - [0.697073373934695, 0.716717891405406, -0.020104116262358307, -0.014054510459522338]
  - [-0.017932637133729057, -0.01060304113610866, -0.9997829744720086, 0.05930238271390714]
  - [-0.7167755100983374, 0.697282611039495, 0.0054615442151089155, -0.094360363167295]
  - [0.0, 0.0, 0.0, 1.0]
  T_cn_cnm1:
  - [0.04194832260208836, 0.012273730120059332, -0.9990443902949555, -0.05905350754101354]
  - [-0.0006292998472335453, 0.9999246683829706, 0.012258121426918383, 0.015869388014492062]
  - [0.9991195835397191, 0.00011449085008020162, 0.041952886423604396, -0.08020275653843094]
  - [0.0, 0.0, 0.0, 1.0]
  cam_overlaps: [1, 3]
  camera_model: omni
  distortion_coeffs: [-0.2097721268812806, 1.045003434546826, 0.0022442922309891212, 0.011215999672280402]
  distortion_model: radtan
  intrinsics: [2.2780997420183415, 1214.1019971058636, 1214.6818911914781, 631.5415902323715, 362.3705496159605]
  resolution: [1280, 720]
  rostopic: /oak_ffc_4p/image_CAM_C/compressed
cam3:
  T_cam_imu:
  - [0.7113189406202223, -0.702869279563378, 0.00037491463238520373, -0.003916256844770547]
  - [-0.006929255747012808, -0.007545934882369654, -0.999947520763736, 0.06626483498675642]
  - [0.702835222601796, 0.7112790132661078, -0.010237927401329672, -0.11751053434364181]
  - [0.0, 0.0, 0.0, 1.0]
  T_cn_cnm1:
  - [-0.0306745316448222, -0.005678580993643924, -0.9995132949722383, -0.10892206067097486]
  - [0.003944829515849396, 0.999975385682663, -0.005802271011540426, -0.011398684756208675]
  - [0.9995216413007038, -0.004120891493245718, -0.030651375578254425, -0.1444345623817634]
  - [0.0, 0.0, 0.0, 1.0]
  cam_overlaps: [0, 2]
  camera_model: omni
  distortion_coeffs: [-0.20000094793259196, 0.46892494424464304, -0.0019605269482135344, -0.006488592781142498]
  distortion_model: radtan
  intrinsics: [2.054768015451077, 1106.256930990598, 1104.9153736559451, 661.406309583636, 343.4534193904354]
  resolution: [1280, 720]
  rostopic: /oak_ffc_4p/image_CAM_D/compressed
