cam0:
  T_cam_imu:
  - - -0.7079982363435354
    - -0.7061834213119869
    - 0.006593390519261444
    - 0.0030319856146301043
  - - -0.014549560683816742
    - 0.005251414165682061
    - -0.9998803593096365
    - 0.062266341827942516
  - - 0.7060643084155653
    - -0.7080094618812355
    - -0.013992650509896482
    - -0.10761734385334584
  - - 0.0
    - 0.0
    - 0.0
    - 1.0
  cam_overlaps: []
  camera_model: omni
  distortion_coeffs:
  - -0.2251321781987765
  - 0.31054541591769863
  - 0.0006212936471969009
  - -0.0008335475759604828
  distortion_model: radtan
  intrinsics:
  - 1.9954495690470966
  - 1090.934194226716
  - 1090.935282486352
  - 633.7568085899484
  - 319.47200108149764
  resolution:
  - 1280
  - 720
  rostopic: CAM_A
cam1:
  T_cam_imu:
  - - -0.7066839983981058
    - 0.7075233022398351
    - 0.0029160239551860867
    - -0.001986863593857882
  - - -0.014368128992033324
    - -0.010230272971441828
    - -0.9998444370921911
    - 0.058450333345502724
  - - -0.7073834061365424
    - -0.7066159623887442
    - 0.01739535627961389
    - -0.11336958183248069
  - - 0.0
    - 0.0
    - 0.0
    - 1.0
  T_cn_cnm1:
  - - -0.002036401785421249
    - 0.013618121576951914
    - -0.9999051954222897
    - -0.1005890395932132
  - - 0.009894284719188275
    - 0.9998585977904959
    - 0.01359733629512946
    - 0.00031851909749898026
  - - 0.9999489767971503
    - -0.009865657055795334
    - -0.0021708554059322593
    - -0.10215036823367692
  - - 0.0
    - 0.0
    - 0.0
    - 1.0
  cam_overlaps: []
  camera_model: omni
  distortion_coeffs:
  - -0.19706060890732754
  - 0.6016525793177174
  - -3.0236916345677e-05
  - 0.00019491101077001965
  distortion_model: radtan
  intrinsics:
  - 2.1486506107303676
  - 1151.7895619961319
  - 1152.0276547644135
  - 684.1789788663286
  - 333.7466992256145
  resolution:
  - 1280
  - 720
  rostopic: CAM_B
cam2:
  T_cam_imu:
  - - 0.704222095069336
    - 0.7099629014928038
    - -0.004890738193172761
    - -0.013695185014614083
  - - -0.0028955248982819315
    - -0.004016527658812108
    - -0.9999877416454309
    - 0.056172282537801155
  - - -0.7099738423010514
    - 0.7042276237194086
    - -0.000772812264663747
    - -0.09590390379655923
  - - 0.0
    - 0.0
    - 0.0
    - 1.0
  T_cn_cnm1:
  - - 0.005701965724315028
    - -0.012691411063704623
    - -0.9999032031512328
    - -0.10071482495604088
  - - -0.007088786850829037
    - 0.9998938206184934
    - -0.012731715907157047
    - 0.0022062184072256154
  - - 0.9999586174876774
    - 0.0071606964863146026
    - 0.0056113935852541985
    - -0.10200742932009886
  - - 0.0
    - 0.0
    - 0.0
    - 1.0
  cam_overlaps: []
  camera_model: omni
  distortion_coeffs:
  - -0.21083108703229428
  - 0.5323236034276727
  - 0.0009734465671087843
  - 0.0008228662747697246
  distortion_model: radtan
  intrinsics:
  - 2.1126526233599816
  - 1144.5836768707027
  - 1144.657030479629
  - 635.1923036528648
  - 341.8129456098218
  resolution:
  - 1280
  - 720
  rostopic: CAM_C
cam3:
  T_cam_imu:
  - - 0.7074256495844526
    - -0.7067491326318078
    - -0.007390117333463009
    - 0.0006227463507640247
  - - -0.018575024384865746
    - -0.008138462293220183
    - -0.9997943458034774
    - 0.05775297350450912
  - - 0.7065436425155327
    - 0.707417436140564
    - -0.018885239347018412
    - -0.11251142337359286
  - - 0.0
    - 0.0
    - 0.0
    - 1.0
  T_cn_cnm1:
  - - 0.0013116586149182763
    - 0.011517837910924998
    - -0.9999328072233292
    - -0.09710636119113941
  - - -0.015126768066400235
    - 0.9998194872094908
    - 0.011496690132745443
    - 0.0012461251330358573
  - - 0.9998847235754406
    - 0.015110671924196198
    - 0.0014856495064664021
    - -0.10692605594964066
  - - 0.0
    - 0.0
    - 0.0
    - 1.0
  cam_overlaps: []
  camera_model: omni
  distortion_coeffs:
  - -0.2126490108335666
  - 0.4845192333676587
  - -0.0001395212604519034
  - -0.0001761930844580537
  distortion_model: radtan
  intrinsics:
  - 2.087994478383096
  - 1132.3425164558348
  - 1132.5032575993873
  - 653.0419770607731
  - 342.31624541369587
  resolution:
  - 1280
  - 720
  rostopic: CAM_D
