cam0:
  T_cam_imu:
  - [-0.6992520951227361, -0.7146070406855104, 0.019577662505049387, 0.014654896512424102]
  - [-0.015203526777611831, -0.012514246321334577, -0.9998061044085158, 0.0594009237090374]
  - [0.7147134812216618, -0.6994141627402941, -0.002113934319456945, -0.11165812741461165]
  - [0.0, 0.0, 0.0, 1.0]
  cam_overlaps: [1, 3]
  camera_model: omni
  # distortion_coeffs: [-0.2269834045157848, 0.35092662127266205, 0.0009542318893859212, -0.0010474398462718213]
  distortion_coeffs: [-0.23329725249619607, 0.33143720745911415, 0.0006446556832693709, -0.000943259726244044]
  distortion_model: radtan
  # intrinsics: [2.0153496541652567, 1102.624687198539, 1102.5788270373146, 633.6460526237753, 384.79915608735973]
  intrinsics: [2.0049454939611144, 1100.7576209311985, 1100.7553892778865, 633.4406713878041, 385.55567241428605]
  resolution: [1280, 720]
  rostopic: /oak_ffc_4p/image_CAM_A/compressed
cam1:
  T_cam_imu:
  - [-0.7069160171461794, 0.7072905934021041, 0.0031242898521884888, 0.0008358055574183498]
  - [-0.014058725620811507, -0.009634656998739596, -0.9998547522607639, 0.05384065576999137]
  - [-0.7071577595813395, -0.7068572627266514, 0.016754497738939736, -0.097394178082263]
  - [0.0, 0.0, 0.0, 1.0]
  T_cn_cnm1:
  - [-0.028013562439041684, 0.008446485327778782, -0.9995718569493056, -0.11995336075525301]
  - [-0.005570613090672361, 0.9999474530406809, 0.008605778712648799, -0.009494215725876056]
  - [0.9995920210712316, 0.00580930659069284, -0.027965038309778756, -0.09362337222539804]
  - [0.0, 0.0, 0.0, 1.0]
  cam_overlaps: [0, 2]
  camera_model: omni
  distortion_coeffs: [-0.22393910952463467, 0.408003965557457, -7.560142757879889e-05, -0.00017112432791507146]
  distortion_model: radtan
  intrinsics: [2.0436956730886595, 1115.043213832541, 1115.5513341372236, 645.7652869527604, 375.84850075305417]
  resolution: [1280, 720]
  rostopic: /oak_ffc_4p/image_CAM_B/compressed
cam2:
  T_cam_imu:
  - [0.697073373934695, 0.716717891405406, -0.020104116262358307, -0.014054510459522338]
  - [-0.017932637133729057, -0.01060304113610866, -0.9997829744720086, 0.05930238271390714]
  - [-0.7167755100983374, 0.697282611039495, 0.0054615442151089155, -0.094360363167295]
  - [0.0, 0.0, 0.0, 1.0]
  T_cn_cnm1:
  - [0.04194832260208836, 0.012273730120059332, -0.9990443902949555, -0.05905350754101354]
  - [-0.0006292998472335453, 0.9999246683829706, 0.012258121426918383, 0.015869388014492062]
  - [0.9991195835397191, 0.00011449085008020162, 0.041952886423604396, -0.08020275653843094]
  - [0.0, 0.0, 0.0, 1.0]
  cam_overlaps: [1, 3]
  camera_model: omni
  # distortion_coeffs: [-0.2250523516276054, 0.33733668155856245, 0.0008489831957185841, -0.0016019812321865817]
  distortion_coeffs: [-0.23479730857757508, 0.192134977639519, -7.77260515936517e-05, -0.0004935439712459048]
  distortion_model: radtan
  # intrinsics: [2.0029701895500676, 1103.8285285771092, 1104.0000235181435, 647.5677505460154, 365.36783329855257]
  intrinsics: [1.9061741126367198, 1067.548228161144, 1067.6771295849874, 646.6116098182167, 364.7174605462046]
  resolution: [1280, 720]
  rostopic: /oak_ffc_4p/image_CAM_C/compressed
cam3:
  T_cam_imu:
  - [0.7113189406202223, -0.702869279563378, 0.00037491463238520373, -0.003916256844770547]
  - [-0.006929255747012808, -0.007545934882369654, -0.999947520763736, 0.06626483498675642]
  - [0.702835222601796, 0.7112790132661078, -0.010237927401329672, -0.11751053434364181]
  - [0.0, 0.0, 0.0, 1.0]
  T_cn_cnm1:
  - [-0.0306745316448222, -0.005678580993643924, -0.9995132949722383, -0.10892206067097486]
  - [0.003944829515849396, 0.999975385682663, -0.005802271011540426, -0.011398684756208675]
  - [0.9995216413007038, -0.004120891493245718, -0.030651375578254425, -0.1444345623817634]
  - [0.0, 0.0, 0.0, 1.0]
  cam_overlaps: [0, 2]
  camera_model: omni
  # distortion_coeffs: [-0.20000094793259196, 0.46892494424464304, -0.0019605269482135344, -0.006488592781142498]
  distortion_coeffs: [-0.20765618738522187, 0.5518464298957714, -0.0007304937345228117, 0.00034838786831104955]
  distortion_model: radtan
  # intrinsics: [2.0278982914884756, 1113.1191358617302, 1113.0659096952754, 653.5486580567829, 340.5171754854606]
  intrinsics: [2.1284399844124504, 1151.2122310472582, 1151.3187312413327, 653.7551647113282, 342.6744014746011]
  resolution: [1280, 720]
  rostopic: /oak_ffc_4p/image_CAM_D/compressed
