cam0:
  cam_overlaps: [1]
  camera_model: pinhole
  distortion_coeffs: [0.0004890354344994028, -0.0007374151104316772, 0.0009524483398781413, 0.00037188949626601036]
  distortion_model: radtan
  intrinsics: [133.67443335126708, 133.67618980367027, 160.17672364629118, 120.71351424701382]
  resolution: [320, 240]
  rostopic: /cam_3_1/compressed
cam1:
  T_cn_cnm1:
  - [0.9999226856143804, 0.010765918446111229, 0.006222362391754822, -0.13963022596979463]
  - [-0.010787852372018026, 0.9999356761142015, 0.003502267155962942, 0.0006255280888091826]
  - [-0.006184257022649355, -0.003569122307216955, 0.9999745078405907, 0.004621199673169319]
  - [0.0, 0.0, 0.0, 1.0]
  cam_overlaps: [0]
  camera_model: pinhole
  distortion_coeffs: [0.0020560839842137307, -0.0008168244462441586, 0.0022851629251136817, -0.0006137879136829037]
  distortion_model: radtan
  intrinsics: [134.28062349201846, 134.58796115671555, 159.21219735789845, 121.05025733433735]
  resolution: [320, 240]
  rostopic: /cam_0_0/compressed
