cam0:
  cam_overlaps: [1]
  camera_model: pinhole
  distortion_coeffs: [0.0005777600130456218, -0.0012257159268700849, 0.0034050636429110567, 0.0018846241410504865]
  distortion_model: radtan
  intrinsics: [133.5564013003597, 133.23199302622717, 160.86780537087625, 121.742582024893]
  resolution: [320, 240]
  rostopic: /cam_0_1/compressed
cam1:
  T_cn_cnm1:
  - [0.9999881645010064, 0.0003782074701186166, -0.004850548115243564, -0.14157575708531245]
  - [-0.0003101081679933244, 0.9999014903822269, 0.014032582240133954, 0.0034013383506332393]
  - [0.004855377517031013, -0.014030911962931188, 0.9998897733343691, 0.0025626080100264355]
  - [0.0, 0.0, 0.0, 1.0]
  cam_overlaps: [0]
  camera_model: pinhole
  distortion_coeffs: [-0.0013646628178469876, 0.00011101065061004838, 0.00035768685669172474, -0.00040016637176567204]
  distortion_model: radtan
  intrinsics: [133.73450625665444, 133.76928279300472, 159.5740204154572, 120.50231641338867]
  resolution: [320, 240]
  rostopic: /cam_1_0/compressed
