cam0:
  cam_overlaps: [1]
  camera_model: pinhole
  distortion_coeffs: [-0.0005718097886271855, -0.00014121708195644067, 0.00047887615706831656, 0.00024781992391994373]
  distortion_model: radtan
  intrinsics: [134.1444503161616, 134.01982453777254, 160.12316067627714, 120.29619866791177]
  resolution: [320, 240]
  rostopic: /cam_2_1/compressed
cam1:
  T_cn_cnm1:
  - [0.999842603262923, 0.017741460007583032, -9.642210557008272e-05, -0.14398900478792967]
  - [-0.017741655508497704, 0.9998389706759678, -0.0026956219024128632, 0.0020966410666129966]
  - [4.8582310606378254e-05, 0.002696908308101456, 0.9999963621560524, -0.005600007496060104]
  - [0.0, 0.0, 0.0, 1.0]
  cam_overlaps: [0]
  camera_model: pinhole
  distortion_coeffs: [-0.002432112545360006, 0.00011438356085917111, -0.0001853460704934309, 0.0006058938908739566]
  distortion_model: radtan
  intrinsics: [133.68659025506886, 133.63833392416785, 160.32253351163084, 119.90670686440862]
  resolution: [320, 240]
  rostopic: /cam_3_0/compressed
