cam0:
  cam_overlaps: [1]
  camera_model: pinhole
  distortion_coeffs: [0.0031436521002476746, -0.000809788941952104, 0.0005669716117000835, 0.0013068410241554758]
  distortion_model: radtan
  intrinsics: [134.68031623171083, 134.60185105802344, 160.60937263242974, 120.48359917962135]
  resolution: [320, 240]
  rostopic: /cam_0_1/compressed
cam1:
  T_cn_cnm1:
  - [0.9999655319741387, 0.004134714915579574, -0.007199930294222429, -0.13874195208028248]
  - [-0.004112099150688526, 0.9999865742589626, 0.003153084584362661, -0.00208500670496673]
  - [0.00721287073568387, -0.0031233690765137805, 0.9999691090535544, -0.001899692568782821]
  - [0.0, 0.0, 0.0, 1.0]
  cam_overlaps: [0]
  camera_model: pinhole
  distortion_coeffs: [0.0017892205771634032, -0.000740566367570184, 0.0024055467369326162, -0.0010418692832356116]
  distortion_model: radtan
  intrinsics: [134.538329010908, 134.46122746863318, 159.13448084695028, 121.62270425960477]
  resolution: [320, 240]
  rostopic: /cam_1_0/compressed
