cam0:
  cam_overlaps: [1]
  camera_model: pinhole
  distortion_coeffs: [0.0019777722011994985, -0.00039725842287446835, 5.3907063185002875e-05, 0.0018304988676970254]
  distortion_model: radtan
  intrinsics: [134.67380607301462, 134.57913223344124, 160.88925500800775, 120.1974923110066]
  resolution: [320, 240]
  rostopic: /cam_3_1/compressed
cam1:
  T_cn_cnm1:
  - [0.9999409440388597, 0.009608648145759137, 0.005077628923393531, -0.14097181637556389]
  - [-0.00955486867700042, 0.9998990998245085, -0.010511643767814058, 0.002716346229867787]
  - [-0.005178119276142571, 0.01046250691503463, 0.999931859193322, -0.005460686291115007]
  - [0.0, 0.0, 0.0, 1.0]
  cam_overlaps: [0]
  camera_model: pinhole
  distortion_coeffs: [0.0025140304510641314, -0.0010452007523550381, 0.00021223384619941565, -0.0009527809597247584]
  distortion_model: radtan
  intrinsics: [133.8291674120304, 134.07264007372902, 159.4911363713683, 119.9516320200034]
  resolution: [320, 240]
  rostopic: /cam_0_0/compressed
