cam0:
  cam_overlaps: [1]
  camera_model: pinhole
  distortion_coeffs: [-0.0006716095528410175, -0.00024575658725450855, -0.0006896712218978902, -0.0007585090214390401]
  distortion_model: radtan
  intrinsics: [133.9750200613183, 133.99847814279823, 159.54590840364537, 119.79388071993738]
  resolution: [320, 240]
  rostopic: /cam_1_1/compressed
cam1:
  T_cn_cnm1:
  - [0.9999891999860084, -0.004492048642378319, 0.0011922291438862392, -0.14285638139124024]
  - [0.004507897900668257, 0.9998967839116044, -0.013641861300481666, 0.0009491587006670135]
  - [-0.0011308261821231973, 0.013647088415443629, 0.9999062347089956, 0.0023984193330290043]
  - [0.0, 0.0, 0.0, 1.0]
  cam_overlaps: [0]
  camera_model: pinhole
  distortion_coeffs: [0.0008157741117249986, -0.0003310357789656511, 0.0003494367545760226, -0.0002740203841311365]
  distortion_model: radtan
  intrinsics: [134.00146691478253, 134.1290202226668, 159.85999182253727, 120.14619801163654]
  resolution: [320, 240]
  rostopic: /cam_2_0/compressed
