cam0:
  cam_overlaps: [1]
  camera_model: pinhole
  distortion_coeffs: [0.006626152874862714, -0.0014633528252300338, 0.0016199655947721269, 0.0031599687706701934]
  distortion_model: radtan
  intrinsics: [134.69069406993046, 134.78636335385298, 161.83923076749107, 120.99853588610034]
  resolution: [320, 240]
  rostopic: /cam_1_1/compressed
cam1:
  T_cn_cnm1:
  - [0.9997860464210726, 0.0055213147312097866, 0.01993430373393731, -0.13962961375957642]
  - [-0.005542993953424698, 0.9999841045128657, 0.0010324435246183371, 0.0026132254369376365]
  - [-0.01992828642282719, -0.0011427183546941521, 0.9998007589490062, -0.004930077244793527]
  - [0.0, 0.0, 0.0, 1.0]
  cam_overlaps: [0]
  camera_model: pinhole
  distortion_coeffs: [0.002356977651405521, -0.0011526148938864433, 0.0004428254274750814, -0.002473725364449037]
  distortion_model: radtan
  intrinsics: [133.6157351994574, 133.40545176577942, 159.328234320027, 120.24182943873726]
  resolution: [320, 240]
  rostopic: /cam_2_0/compressed
