cam0:
  cam_overlaps: [1]
  camera_model: pinhole
  distortion_coeffs: [-0.0002658888571307434, -0.0006395237426351368, -0.0004328459681624986, -0.0034480562243505448]
  distortion_model: radtan
  intrinsics: [133.766402482211, 134.21642572014122, 158.78721223472837, 119.64278690752676]
  resolution: [320, 240]
  rostopic: /cam_2_1/compressed
cam1:
  T_cn_cnm1:
  - [0.9999742238206973, -0.00527750465458223, -0.004868227481680459, -0.14163805606304505]
  - [0.005290736899427133, 0.9999823339571852, 0.002709220662911833, -0.0005765787377290756]
  - [0.004853843554706531, -0.0027349073403263894, 0.9999844801218591, 0.0037404826561463463]
  - [0.0, 0.0, 0.0, 1.0]
  cam_overlaps: [0]
  camera_model: pinhole
  distortion_coeffs: [-0.0013165336669909331, 0.0006418593536219472, 0.0002266720546283508, 6.708442067082936e-05]
  distortion_model: radtan
  intrinsics: [134.2364428976465, 134.39831731370936, 159.92012972568097, 119.94667641848079]
  resolution: [320, 240]
  rostopic: /cam_3_0/compressed
