cam0:
  T_cam_imu:
  - - -0.7052933975906668
    - -0.7088468353788671
    - 0.009868499803859399
    - 0.014547293352461086
  - - -0.022683044234309058
    - 0.008651530557335321
    - -0.9997052718292926
    - 0.06543160841818577
  - - 0.7085525406201559
    - -0.7053093753753602
    - -0.022180671503391355
    - -0.11212506117154622
  - - 0.0
    - 0.0
    - 0.0
    - 1.0
  cam_overlaps: []
  camera_model: omni
  distortion_coeffs:
  - -0.21926248376296767
  - 0.3199637122404436
  - 0.0016177662901247977
  - -0.00014644046828207426
  distortion_model: radtan
  intrinsics:
  - 2.013053959041211
  - 1098.3466090191218
  - 1098.9583136977328
  - 630.9570907635264
  - 319.0275131136323
  resolution:
  - 1280
  - 720
  rostopic: CAM_A
cam1:
  T_cam_imu:
  - - -0.7085962493161226
    - 0.7056126676150413
    - 0.0014555948292779286
    - -2.492424808683261e-05
  - - -0.01535514010749417
    - -0.013357613575553526
    - -0.9997928754656356
    - 0.06445469131949416
  - - -0.7054470746465683
    - -0.7084718325104744
    - 0.0202999362523031
    - -0.08702046114841573
  - - 0.0
    - 0.0
    - 0.0
    - 1.0
  T_cn_cnm1:
  - - -0.005303852158194566
    - 0.02454083477616203
    - -0.9996847586018194
    - -0.10241210287482237
  - - 0.009412223642872069
    - 0.9996557611641395
    - 0.024490186145608227
    - -0.0002252089490930436
  - - 0.999941637896125
    - -0.009279364193687908
    - -0.005533010191598076
    - -0.1010834068598949
  - - 0.0
    - 0.0
    - 0.0
    - 1.0
  cam_overlaps: []
  camera_model: omni
  distortion_coeffs:
  - -0.21310551577612316
  - 0.3747915319724509
  - 0.00037317727882577506
  - 0.0004895404144898557
  distortion_model: radtan
  intrinsics:
  - 2.0498473885027697
  - 1116.6762110854838
  - 1117.3137553680367
  - 684.2586180666744
  - 332.7966241151556
  resolution:
  - 1280
  - 720
  rostopic: CAM_B
cam2:
  T_cam_imu:
  - - 0.7065210153070594
    - 0.7076333712546097
    - -0.009114099863294978
    - -0.010377958828356052
  - - -0.005243420375571517
    - -0.0076439606003442795
    - -0.9999570372816552
    - 0.05668481392966533
  - - -0.7076726372216515
    - 0.7065384503006021
    - -0.0016901995670515757
    - -0.08953015896982941
  - - 0.0
    - 0.0
    - 0.0
    - 1.0
  T_cn_cnm1:
  - - 0.004642317333713064
    - -0.012515719069356699
    - -0.9999108988634682
    - -0.10204191834399681
  - - -0.0033745229869533433
    - 0.9999157841664326
    - -0.01253144722038765
    - 0.000287368044762103
  - - 0.9999835306065707
    - 0.003432397267767672
    - 0.004599691795391381
    - -0.09983546056762761
  - - 0.0
    - 0.0
    - 0.0
    - 1.0
  cam_overlaps: []
  camera_model: omni
  distortion_coeffs:
  - -0.22414316027420095
  - 0.3465315322874999
  - 0.0006717878268692665
  - 0.0009098673909669148
  distortion_model: radtan
  intrinsics:
  - 2.009990066957194
  - 1103.8450014131577
  - 1104.1811731846105
  - 634.6623856106
  - 342.0620408030793
  resolution:
  - 1280
  - 720
  rostopic: CAM_C
cam3:
  T_cam_imu:
  - - 0.7051483189158809
    - -0.7089792708939695
    - -0.01068839430225249
    - 0.006673424496590213
  - - -0.01853175080267072
    - -0.003358538825040558
    - -0.999822631484778
    - 0.07604585542161149
  - - 0.7088176229061272
    - 0.7052213224652344
    - -0.015506895178957314
    - -0.11094303998390799
  - - 0.0
    - 0.0
    - 0.0
    - 1.0
  T_cn_cnm1:
  - - -0.0026371091581363637
    - 0.011539760655442656
    - -0.9999299373352656
    - -0.10191627697525993
  - - -0.011256186836790376
    - 0.9998697226358688
    - 0.011568751616800675
    - 0.0015501117554813171
  - - 0.9999331697234511
    - 0.011285906259182684
    - -0.0025068719005168494
    - -0.10066776310870254
  - - 0.0
    - 0.0
    - 0.0
    - 1.0
  cam_overlaps: []
  camera_model: omni
  distortion_coeffs:
  - -0.20511893698527114
  - 0.4680581502608245
  - -0.00015506706242198647
  - -0.000399293168688072
  distortion_model: radtan
  intrinsics:
  - 2.096136453950793
  - 1135.996953725706
  - 1136.5622865861485
  - 653.8246063857067
  - 341.79890585046076
  resolution:
  - 1280
  - 720
  rostopic: CAM_D
