cam0:
  cam_overlaps: [1]
  camera_model: pinhole
  distortion_coeffs: [-0.0010854015732829206, -0.0008495098140081888, -0.00023217359912892213, -0.0014570401210352193]
  distortion_model: radtan
  intrinsics: [133.55705893718653, 133.66767683608515, 159.4271985065471, 119.91566708680723]
  resolution: [320, 240]
  rostopic: /cam_2_1/compressed
cam1:
  T_cn_cnm1:
  - [0.9998637352856324, 0.01618050930718093, -0.0032713879645395755, -0.14318973843654903]
  - [-0.016176709517239027, 0.9998684466637575, 0.0011846667849299388, 0.0011560545143382709]
  - [0.003290126114478178, -0.001131585063828326, 0.9999939472743752, -0.00030682375022972433]
  - [0.0, 0.0, 0.0, 1.0]
  cam_overlaps: [0]
  camera_model: pinhole
  distortion_coeffs: [0.0003203378341078624, -0.0009934515225033214, 0.000746223635583943, -0.0010566771042650623]
  distortion_model: radtan
  intrinsics: [133.78364711511665, 133.62315843315432, 159.4131964208837, 120.20689951193434]
  resolution: [320, 240]
  rostopic: /cam_3_0/compressed
