cam0:
  cam_overlaps: [1]
  camera_model: pinhole
  distortion_coeffs: [2.333287328859395e-05, -0.00010357871050961224, 0.0009743860132167907, 0.0004952158811564647]
  distortion_model: radtan
  intrinsics: [133.7519547043571, 133.72431564042785, 160.20535876849928, 120.64394724325945]
  resolution: [320, 240]
  rostopic: /cam_3_1/compressed
cam1:
  T_cn_cnm1:
  - [0.9998556191315532, 0.013430021779095377, 0.010410350910123706, -0.13879494700495948]
  - [-0.01336648708089268, 0.9998917589494121, -0.006148772899334652, -0.0017702979562251068]
  - [-0.010491802236756978, 0.006008735313215835, 0.9999269059215083, -0.0004892663807561919]
  - [0.0, 0.0, 0.0, 1.0]
  cam_overlaps: [0]
  camera_model: pinhole
  distortion_coeffs: [0.0005157129006393721, -0.0004696316845931095, 0.0035380423186637602, -0.0005735016174994742]
  distortion_model: radtan
  intrinsics: [133.59737109280542, 133.7601014445187, 159.40104287382522, 121.83415765417486]
  resolution: [320, 240]
  rostopic: /cam_0_0/compressed
