cam0:
  cam_overlaps: [1]
  camera_model: pinhole
  distortion_coeffs: [0.0006488151133014946, 1.6699945886616527e-05, 0.0012860059834781615, 0.0032606919019502467]
  distortion_model: radtan
  intrinsics: [134.13006056366228, 133.79156399371993, 161.76935030008931, 120.48740962800709]
  resolution: [320, 240]
  rostopic: /cam_0_1/compressed
cam1:
  T_cn_cnm1:
  - [0.999951994351822, 0.008066363433180885, -0.005562622832833536, -0.14049201769813383]
  - [-0.007947000660570571, 0.9997445970458915, 0.021156225042566947, -0.0012095237448313174]
  - [0.005731855922596939, -0.021111003256943716, 0.9997607070540284, -0.002983616845538492]
  - [0.0, 0.0, 0.0, 1.0]
  cam_overlaps: [0]
  camera_model: pinhole
  distortion_coeffs: [-0.0006810011846735405, -0.0007093150807400015, 0.0003820552616259074, 0.0002463317653882355]
  distortion_model: radtan
  intrinsics: [133.39521895655838, 133.31540854996499, 160.43153951205804, 120.32255493790926]
  resolution: [320, 240]
  rostopic: /cam_1_0/compressed
