cam0:
  cam_overlaps: [1]
  camera_model: pinhole
  distortion_coeffs: [0.0006186873497403744, -0.0011627481517696452, -0.00021349646830336704, -0.00020260056465739115]
  distortion_model: radtan
  intrinsics: [133.73895352899834, 133.77971705213164, 159.80418747079514, 119.92548042337872]
  resolution: [320, 240]
  rostopic: /cam_1_1/compressed
cam1:
  T_cn_cnm1:
  - [0.9999788030718603, -0.0065024837429282735, -0.0003333348749629558, -0.14373163518877644]
  - [0.006498251755012224, 0.9999136263450524, -0.011424209977563549, 0.0001787916670355518]
  - [0.00040759182326639045, 0.011421801725469388, 0.9999346860241652, -0.0011597174390716378]
  - [0.0, 0.0, 0.0, 1.0]
  cam_overlaps: [0]
  camera_model: pinhole
  distortion_coeffs: [0.0016623404745261055, -0.0016561528227906817, -0.0003853124612185467, -8.184126961141577e-05]
  distortion_model: radtan
  intrinsics: [133.6765312874416, 133.72403784859188, 160.25651584597915, 119.8488229516001]
  resolution: [320, 240]
  rostopic: /cam_2_0/compressed
