cam0:
  T_cam_imu:
  - [-0.9995407230847781, 0.029100449860456495, -0.008456164206050667, 0.04812531099830761]
  - [0.007419008250330716, -0.035565792521783365, -0.9993397984263814, -0.046268993994975235]
  - [-0.02938198787934812, -0.9989435610785118, 0.03533356149670343, -0.06808128621572819]
  - [0.0, 0.0, 0.0, 1.0]
  cam_overlaps: [1]
  camera_model: omni
  distortion_coeffs: [-0.05972430882700243, 0.17468739202093328, 0.000737218969875311,
    0.000574074894976456]
  distortion_model: radtan
  intrinsics: [1.792187901303534, 533.340727445877, 533.2556495307942, 254.64689387916482,
    256.4835490935692]
  resolution: [512, 512]
  rostopic: /cam0/image_raw
cam1:
  T_cam_imu:
  - [-0.9995333551739931, 0.029563758443646823, -0.007684795462836215, -0.05277683771177886]
  - [0.008020445760736369, 0.01125165640719669, -0.9999045317818563, -0.04396772695601477]
  - [-0.029474469366199164, -0.9994995669907917, -0.011483520401031096, -0.0711950391086574]
  - [0.0, 0.0, 0.0, 1.0]
  T_cn_cnm1:
  - [0.9999995951405662, -0.0007872827587087492, -0.00043578040491076527, -0.10096822449780929]
  - [0.0007660230190976225, 0.9989037229124703, -0.046805614624112445, -0.0009729081407724857]
  - [0.00047215192224199704, 0.046805261856596385, 0.9989039215735904, -0.0010454654003127371]
  - [0.0, 0.0, 0.0, 1.0]
  cam_overlaps: [0]
  camera_model: omni
  distortion_coeffs: [-0.07693518083211431, 0.12590335598238764, 0.0016421936053305271,
    0.0006230553630283544]
  distortion_model: radtan
  intrinsics: [1.7324175606483596, 520.2546241208013, 520.1799003708908, 252.24978846121377,
    254.15045097300418]
  resolution: [512, 512]
  rostopic: /cam1/image_raw
