cam0:
#T_cam_imu is not used for undistort calibration
  # T_cam_imu:
  # - [-0.70710678,  0.70710678 , 0 , -0.061782]
  # - [-0.70710678, -0.70710678 , 0 , -0.061782]
  # - [ 0         ,  0          , 1 ,  0.044600]
  # - [ 0         ,  0          , 0 ,  1       ]
  T_cam_imu: #from cam to imu ,
  - [ -0.70710678 ,  0.       ,  -0.70710678,  0]
  - [ 0.70710678 , 0.         , -0.70710678, 0]
  - [0.          , -1.        ,  0.        , 0]
  - [ 0         ,  0          , 0 ,  1       ]
  cam_overlaps: [1]
  camera_model: omni
  distortion_coeffs: [-0.24255364109365543, 0.17198604036409776, 7.245396828428844e-05, 0.00010355254632147036]
  distortion_model: radtan
  intrinsics: [1.8700459675830563, 1052.3342398409536, 1052.6316902503693, 634.1489385385307, 377.3670105281182]
  resolution: [1280, 720]
  rostopic: /oak_ffc_4p/image_CAM_A/compressed
cam1:
  T_cam_imu: # T_CAM_IMU  IMU under CAM frame but here is the reverse
  - [0.70710678,  0.          ,-0.70710678,  0]
  - [0.70710678 , 0.         ,0.70710678,  0]
  - [0.     ,    -1.       ,   0.   , 0]
  - [ 0         ,  0          , 0 ,  1       ]
  T_cn_cnm1:
  - [0.0024147699546404056, 0.012789506870918257, -0.9999152951125709, -0.10555610455849812]
  - [-0.00024409241979003998, 0.9999181881855584, 0.012788954398056494, 0.0006217179644181494]
  - [0.9999970546481383, 0.00021318936113740722, 0.0024176942196090234, -0.08476401525220194]
  - [0.0, 0.0, 0.0, 1.0]
  cam_overlaps: [0]
  camera_model: omni
  distortion_coeffs:  [-0.21874015251297307, 0.37924751008128954, -0.0002428293577611618, 0.0008282330466009204]
  distortion_model: radtan
  intrinsics: [2.0381223234435875, 1116.6460535153851, 1116.7927364685816, 607.3158801186901, 354.33977866373505]
  resolution: [1280, 720]
  rostopic: /oak_ffc_4p/image_CAM_B/compressed
cam2:
  T_cam_imu:
  - [  0.70710678,  0,  0.70710678 ,  0]
  - [ -0.70710678,  0,  0.70710678 ,  0]
  - [ -0.00152935, -1,  -0         ,  0]
  - [ 0         ,  0          , 0 ,   1]
  # T_cam_imu:
  # - [-0.7205065045437071, -0.02584534691930684, 0.6929663736090157, 0.06257371143720521]
  # - [0.6934340322086384, -0.02047017313341359, 0.7202292794567279, 0.03671563194427837]
  # - [-0.004429433945591421, 0.9994563472480972, 0.03267093601984616, 0.07961301821473304]
  # - [0, 0, 0, 1]
  T_cn_cnm1:
  - [-0.015653026592133634, -0.004043895838317765, -0.9998693062920593, -0.0590936001707746]
  - [-0.004673137596201709, 0.9999811955404677, -0.003971190057533632, -2.703059205098209e-05]
  - [0.9998665633690939, 0.004610365702948533, -0.015671629927105468, -0.05825619400749433]
  - [0.0, 0.0, 0.0, 1.0]
  cam_overlaps: [1, 2]
  camera_model: omni
  distortion_coeffs: [-0.22483422853355084, 0.27815067857806247, 0.000353614346556302, -0.00024344699187548282]
  distortion_model: radtan
  intrinsics: [1.9577475644482571, 1078.6753085584046, 1079.151802419537, 627.2321633260109, 349.25277032315404]
  resolution: [1280, 720]
  rostopic: /oak_ffc_4p/image_CAM_C/compressed
cam3:
  T_cam_imu:
  - [-0.70710678, -0.0        ,  0.70710678,   0]
  - [-0.70710678,  0.0        , -0.70710678, 0]
  - [ 0.0       , -0.99997367 ,-0.0        , 0]
  - [ 0         ,  0          , 0 ,  1       ]
  # T_cam_imu:
  # - [0.7076610279220332, -0.01311027391806041, 0.706430456788299, 0.07167922529609998]
  # - [0.7062031732666952, -0.01829384310043158, -0.7077728543626598, -0.05642442973625867]
  # - [0.02220242393031335, 0.999746695929729, -0.0036873227697658, 0.07680580147134242]
  # - [0, 0, 0, 1]
  T_cn_cnm1:
  - [-0.9999549700382054, 0.007427446917005081, -0.005906854338772819, -0.02652976250632348]
  - [0.007298460465728413, 0.9997407772716985, 0.021566426106407827, 0.002160622717393526]
  - [0.006065506632970321, 0.021522344028195937, -0.9997499679103822, -0.14460617203356788]
  - [0.0, 0.0, 0.0, 1.0]
  cam_overlaps: [0, 3]
  camera_model: omni
  distortion_coeffs: [-0.2193016230836681, 0.2537913543569439, -0.00031688612038239145, -0.0004971648304322717]
  distortion_model: radtan
  intrinsics: [1.96881984757887, 1086.8758736704513, 1086.9583938873384, 628.5013137581017, 360.66616274405817]
  resolution: [1280, 720]
  rostopic: /oak_ffc_4p/image_CAM_D/compressed