cam0:
  cam_overlaps: [1]
  camera_model: pinhole
  distortion_coeffs: [0.0042441913814554345, -0.003231020447347071, -0.002836719331436481, -0.005905500488361453]
  distortion_model: radtan
  intrinsics: [135.38851470574357, 135.8656943056704, 158.01969684112785, 118.51903549353207]
  resolution: [320, 240]
  rostopic: /cam_1_1/compressed
cam1:
  T_cn_cnm1:
  - [0.9999523084482198, 0.007147348134734578, -0.006655542330781283, -0.14719473980192055]
  - [-0.007130267668285647, 0.9999712340967913, 0.002586554062526064, -0.0024725691396495987]
  - [0.006673837880448981, -0.0025389749074529832, 0.999974506422221, -0.0025023442449610797]
  - [0.0, 0.0, 0.0, 1.0]
  cam_overlaps: [0]
  camera_model: pinhole
  distortion_coeffs: [0.0044302301364679275, -0.002898760745710397, 0.000650333428789493, 0.001628478836093683]
  distortion_model: radtan
  intrinsics: [134.95369989725708, 135.24244131429194, 160.23523033498236, 120.00585602173024]
  resolution: [320, 240]
  rostopic: /cam_2_0/compressed
