cam0:
  cam_overlaps: [1]
  camera_model: pinhole
  distortion_coeffs: [0.0010702921061263436, -0.001327206047973578, -0.0022629471555888213, -0.0013459513764609008]
  distortion_model: radtan
  intrinsics: [160, 160, 160, 120]
  resolution: [320, 240]
  rostopic: /cam_2_1/compressed
cam1:
  T_cn_cnm1:
  - [0.9999246021255336, 0.011999002135322501, 0.002610366228258299, -0.1491976819897065]
  - [-0.011995769260592107, 0.9999272660802441, -0.0012506274948821555, -0.004013260207544012]
  - [-0.002625182648072109, 0.001219219849267466, 0.9999958109507354, 0.003798553892088906]
  - [0.0, 0.0, 0.0, 1.0]
  cam_overlaps: [0]
  camera_model: pinhole
  distortion_coeffs: [0.0026107508250381778, -0.0037552933339860864, -0.0011548600636986453, -0.0013180148400734448]
  distortion_model: radtan
  intrinsics: [160, 160, 160, 120]
  resolution: [320, 240]
  rostopic: /cam_3_0/compressed
