cam0:
  cam_overlaps: [1]
  camera_model: pinhole
  distortion_coeffs: [-0.002751241101128433, 0.0004110872487529671, -0.00043432809278016137, 0.001972642373801206]
  distortion_model: radtan
  intrinsics: [105.63018526333929, 105.91942229419071, 128.99724383318193, 127.80871327413887]
  resolution: [256, 256]
  rostopic: /cam_3_1/compressed
cam1:
  T_cn_cnm1:
  - [0.9999380245399143, 0.010798092454115235, 0.002710770843968902, -0.13240727400682856]
  - [-0.010814859256321066, 0.9999219930598167, 0.006248729034956205, 0.007452811209964663]
  - [-0.0026430850311896514, -0.006277658372252967, 0.9999768022843738, 0.04620974556514768]
  - [0.0, 0.0, 0.0, 1.0]
  cam_overlaps: [0]
  camera_model: pinhole
  distortion_coeffs: [0.018818479426419156, -0.007287823261953164, -0.0008780985008195384, 0.000258277991406261]
  distortion_model: radtan
  intrinsics: [110.83158180253909, 111.00610237899708, 127.21275085089675, 127.26508747208476]
  resolution: [256, 256]
  rostopic: /cam_0_0/compressed
