cam0:
  cam_overlaps: [1]
  camera_model: pinhole
  distortion_coeffs: [0.002425806902217538, -0.0022078496551483566, 0.0019248635420394335, 0.0013570058834521178]
  distortion_model: radtan
  intrinsics: [250.7820803875784, 250.44616080128634, 300.6819231343927, 151.88531810196318]
  resolution: [600, 300]
  rostopic: /cam_2_1/compressed
cam1:
  T_cn_cnm1:
  - [0.9999456617116149, 0.010205636275851412, 0.002125702783030224, -0.14711799944623094]
  - [-0.010213352242492178, 0.9999411764318736, 0.003651179536452667, 0.0018091249382560734]
  - [-0.0020883151312808866, -0.00367269168889201, 0.9999910750980066, 0.001057956422850491]
  - [0.0, 0.0, 0.0, 1.0]
  cam_overlaps: [0]
  camera_model: pinhole
  distortion_coeffs: [0.003278113273540368, -0.0033294419411366827, 0.00047745445710784375, 0.00028917021777368396]
  distortion_model: radtan
  intrinsics: [250.74355498495265, 250.97447349813908, 299.9582503636159, 150.50641886515348]
  resolution: [600, 300]
  rostopic: /cam_3_0/compressed
