cam0:
  cam_overlaps: [1]
  camera_model: pinhole
  distortion_coeffs: [0.0010677563626845358, -0.001304580971444453, 0.000662484478364658, 0.001414486753453523]
  distortion_model: radtan
  intrinsics: [267.12238420910455, 267.3790276742202, 321.3950933338306, 240.72783887530903]
  resolution: [640, 480]
  rostopic: /cam_0_1/compressed
cam1:
  T_cn_cnm1:
  - [0.9999382325284425, 0.009758759882620045, -0.005319561395558782, -0.15431148195817115]
  - [-0.009709081638927128, 0.9999097483194609, 0.00928595441698561, 0.005988695261613144]
  - [0.005409700695639438, -0.009233732791187539, 0.99994273501892, -0.0030017373091054318]
  - [0.0, 0.0, 0.0, 1.0]
  cam_overlaps: [0]
  camera_model: pinhole
  distortion_coeffs: [-0.0005468436287017416, -0.0006991938441714272, -0.002972174904500344, 0.00028327151079441466]
  distortion_model: radtan
  intrinsics: [266.96836445113496, 266.20099855529713, 322.3322785970388, 237.21872258153485]
  resolution: [640, 480]
  rostopic: /cam_1_0/compressed
