cam0:
  cam_overlaps: [1]
  camera_model: pinhole
  distortion_coeffs: [0.019165706006071374, -0.004824206552558444, 0.002819424108165071, -0.012051269112423183]
  distortion_model: radtan
  intrinsics: [160, 160, 160, 120]
  resolution: [320, 240]
  rostopic: /cam_3_1/compressed
cam1:
  T_cn_cnm1:
  - [0.9999093905527369, 0.011204934448860858, -0.0074605715898991695, -0.15687313809221787]
  - [-0.011194773918358662, 0.9999363533142882, 0.0014022686749700316, -0.0028066967097225342]
  - [0.007475809077826699, -0.0013186222039298294, 0.9999711863419427, -0.005503037553509248]
  - [0.0, 0.0, 0.0, 1.0]
  cam_overlaps: [0]
  camera_model: pinhole
  distortion_coeffs: [0.014067385865088449, -0.0016082443583960865, 0.0057943424875570495, -0.007291955201654557]
  distortion_model: radtan
  intrinsics: [160, 160, 160, 120]
  resolution: [320, 240]
  rostopic: /cam_0_0/compressed
