cam0:
  cam_overlaps: [1]
  camera_model: pinhole
  distortion_coeffs: [0.002218320096724575, -0.0010184385485581485, 0.0012006963134637727, 0.0017810924713275791]
  distortion_model: radtan
  intrinsics: [107.48132575886085, 107.29870487620987, 128.481148725624, 128.35155300580516]
  resolution: [256, 256]
  rostopic: /cam_2_1/compressed
cam1:
  T_cn_cnm1:
  - [0.9999046584772252, 0.010800743292094591, 0.0086033656139277, -0.14334517229763213]
  - [-0.01080751105411396, 0.9999413229331431, 0.0007405373292525029, 0.0009686770405977858]
  - [-0.008594862440076885, -0.0008334476942709659, 0.9999627161572486, 0.0038670085833993726]
  - [0.0, 0.0, 0.0, 1.0]
  cam_overlaps: [0]
  camera_model: pinhole
  distortion_coeffs: [0.0017735825794643778, -0.00010001444908738448, 0.0004787828994642768, -0.0015496148131855171]
  distortion_model: radtan
  intrinsics: [107.73327895738895, 107.80329453088838, 127.03991547928979, 128.15277660897956]
  resolution: [256, 256]
  rostopic: /cam_3_0/compressed
