cam0:
  cam_overlaps: [1]
  camera_model: pinhole
  distortion_coeffs: [0.0014810688251932344, -0.0012025688284497597, 0.001874025692642656, 0.0013868235641651355]
  distortion_model: radtan
  intrinsics: [133.9820921083441, 133.77238696195442, 160.42476296018242, 120.91397967825117]
  resolution: [320, 240]
  rostopic: /cam_2_1/compressed
cam1:
  T_cn_cnm1:
  - [0.9999336804321447, 0.010365837964660164, 0.0050183802876713045, -0.14539201512354047]
  - [-0.010378839336300967, 0.9999428314524987, 0.0025716766489299174, 0.0016428283745075945]
  - [-0.004991435810719152, -0.002623591059180103, 0.9999841010428603, 0.003208105391796034]
  - [0.0, 0.0, 0.0, 1.0]
  cam_overlaps: [0]
  camera_model: pinhole
  distortion_coeffs: [0.0015531635756407404, -0.0008405668191121473, 0.0005923370320350498, -0.0006236906575814357]
  distortion_model: radtan
  intrinsics: [134.23141647738797, 134.36560327727125, 159.37372609678266, 120.33574149778961]
  resolution: [320, 240]
  rostopic: /cam_3_0/compressed
