cam0:
  cam_overlaps: [1]
  camera_model: pinhole
  distortion_coeffs: [0.00032663835487230767, -0.000629134347242084, 0.0002462469863888116, 0.0005914498566288363]
  distortion_model: radtan
  intrinsics: [267.80734262812166, 267.9563531266066, 320.7606415124366, 240.25055892821692]
  resolution: [640, 480]
  rostopic: /cam_3_1/compressed
cam1:
  T_cn_cnm1:
  - [0.9999348805472656, 0.011400667573074662, 0.0005093562640323914, -0.14638584876655983]
  - [-0.01140309757880602, 0.999922210072078, 0.005054025145272624, 0.0015472595134858884]
  - [-0.00045169738065811444, -0.005059504269102221, 0.9999870986097856, 0.002918273308815725]
  - [0.0, 0.0, 0.0, 1.0]
  cam_overlaps: [0]
  camera_model: pinhole
  distortion_coeffs: [0.0019887301222548544, -0.002720368616864001, 0.0013962131787822701, 0.001652067622471132]
  distortion_model: radtan
  intrinsics: [268.60956764419035, 269.0525965195578, 320.82976982615025, 240.8622175658513]
  resolution: [640, 480]
  rostopic: /cam_0_0/compressed
