cam0:
  T_cam_imu:
  - - -0.7075938091691543
    - -0.7064826317160404
    - 0.013902960442491452
    - 0.009420050281249022
  - - -0.021045951461614087
    - 0.001404305727747468
    - -0.9997775231782817
    - 0.04843290519905569
  - - 0.7063059316985545
    - -0.7077289869780679
    - -0.015862277214704068
    - -0.11233876943377573
  - - 0.0
    - 0.0
    - 0.0
    - 1.0
  cam_overlaps: []
  camera_model: omni
  distortion_coeffs:
  - -0.21596456316094664
  - 0.3711568699290662
  - 0.0008422516740417371
  - -0.0006037639007411589
  distortion_model: radtan
  intrinsics:
  - 2.0407774579612483
  - 1118.464098460447
  - 1118.8571100240003
  - 671.1570544836629
  - 365.3625031331314
  resolution:
  - 1280
  - 720
  rostopic: CAM_A
cam1:
  T_cam_imu:
  - - -0.6999438717692681
    - 0.7141267673596048
    - 0.010076532794831672
    - 0.002085631016410519
  - - -0.015381110906559192
    - -0.0009670247429278828
    - -0.9998812360927796
    - 0.05111941227619207
  - - -0.7140322106179277
    - -0.7000157319686933
    - 0.011660926052762352
    - -0.09725068177672516
  - - 0.0
    - 0.0
    - 0.0
    - 1.0
  T_cn_cnm1:
  - - -0.009657465352194805
    - 0.006234454647466128
    - -0.9999339302865058
    - -0.09958051500063446
  - - -0.0017599255807564766
    - 0.9999789090281386
    - 0.006251732627260709
    - 0.0005189694006964482
  - - 0.9999518168516521
    - 0.0018201851942165415
    - -0.009646289490648607
    - -0.10086854227057479
  - - 0.0
    - 0.0
    - 0.0
    - 1.0
  cam_overlaps: []
  camera_model: omni
  distortion_coeffs:
  - -0.21215930508416583
  - 0.3655064022894012
  - -0.00016379503911124148
  - 0.002438532780092359
  distortion_model: radtan
  intrinsics:
  - 2.0356246438508196
  - 1108.8924049961458
  - 1109.6597152883649
  - 665.5152891031405
  - 353.5031418852197
  resolution:
  - 1280
  - 720
  rostopic: CAM_B
cam2:
  T_cam_imu:
  - - 0.7069491454448116
    - 0.70726037376802
    - -0.0023810611859986786
    - -0.013679510655730762
  - - 0.00014206699899088626
    - -0.0035085814812924054
    - -0.9999938348174738
    - 0.060252320130733755
  - - -0.7072643675259052
    - 0.706944448704076
    - -0.0025808670387296173
    - -0.08977124852853927
  - - 0.0
    - 0.0
    - 0.0
    - 1.0
  T_cn_cnm1:
  - - 0.008027022190327526
    - -0.009606018750396635
    - -0.9999216425893193
    - -0.10064233689066926
  - - -0.015057699825039853
    - 0.9998393213614649
    - -0.00972610587148506
    - 1.3867029174541026e-05
  - - 0.9998544056965165
    - 0.015134591610326646
    - 0.00788108787247327
    - -0.10185819846899617
  - - 0.0
    - 0.0
    - 0.0
    - 1.0
  cam_overlaps: []
  camera_model: omni
  distortion_coeffs:
  - -0.21046605343576755
  - 0.5263619768097543
  - -0.00042904910152310446
  - 0.0006165344757967814
  distortion_model: radtan
  intrinsics:
  - 2.1016351388031684
  - 1132.5533273309588
  - 1133.4451802124984
  - 639.8805574629179
  - 360.20967489096773
  resolution:
  - 1280
  - 720
  rostopic: CAM_C
cam3:
  T_cam_imu:
  - - 0.7078606634369864
    - -0.7063088758061864
    - -0.007813649336382567
    - -0.0011586715790651656
  - - -0.022138066362238973
    - -0.011127448766661663
    - -0.9996929958250622
    - 0.066705566347157
  - - 0.7060050900498465
    - 0.7078163263455766
    - -0.02351299603116591
    - -0.11253326365607778
  - - 0.0
    - 0.0
    - 0.0
    - 1.0
  T_cn_cnm1:
  - - 0.005246436030441226
    - 0.012179866636876924
    - -0.9999120590120366
    - -0.09919851283270592
  - - -0.021216013800554635
    - 0.9997021019392118
    - 0.012065990914161322
    - 0.0017562113677498691
  - - 0.9997611493088724
    - 0.021150844593865292
    - 0.005503281345978495
    - -0.10153504495092336
  - - 0.0
    - 0.0
    - 0.0
    - 1.0
  cam_overlaps: []
  camera_model: omni
  distortion_coeffs:
  - -0.23971328639347675
  - 0.3161089501516322
  - 0.0018085687594267675
  - 0.00040187688888858666
  distortion_model: radtan
  intrinsics:
  - 1.9722048193411101
  - 1087.5076935745715
  - 1087.92198507203
  - 649.9938237810125
  - 327.0741720032548
  resolution:
  - 1280
  - 720
  rostopic: CAM_D
