cam0:
  cam_overlaps: [1]
  camera_model: pinhole
  distortion_coeffs: [-0.00032933023516584103, -0.00046023898776738375, -0.0005135502086566346, 0.00015200030989769096]
  distortion_model: radtan
  intrinsics: [134.0139699870841, 134.0441594945115, 160.40295107411922, 119.78341592528271]
  resolution: [320, 240]
  rostopic: /cam_2_1/compressed
cam1:
  T_cn_cnm1:
  - [0.9996957555665166, 0.02441321887062776, 0.003520091854428354, -0.14343463402606416]
  - [-0.024390819725012208, 0.9996828270048206, -0.006271626965087591, 0.003014447747027892]
  - [-0.0036720859781251974, 0.006183860931657741, 0.9999741374898375, 0.0015089679107465471]
  - [0.0, 0.0, 0.0, 1.0]
  cam_overlaps: [0]
  camera_model: pinhole
  distortion_coeffs: [0.002488932897154378, -0.0023769450636930145, -0.0009433913637423247, 0.0007506153523694647]
  distortion_model: radtan
  intrinsics: [134.4158425071047, 134.39594106350347, 160.15170507297495, 119.46831795901996]
  resolution: [320, 240]
  rostopic: /cam_3_0/compressed
