cam0:
  cam_overlaps: [1]
  camera_model: pinhole
  distortion_coeffs: [-0.0003768220702202988, -0.0006275810376633344, 8.023054771362486e-05, -0.0005187159085488544]
  distortion_model: radtan
  intrinsics: [133.63043040067845, 133.69599913378727, 159.63461067925377, 120.19375704049584]
  resolution: [320, 240]
  rostopic: /cam_0_1/compressed
cam1:
  T_cn_cnm1:
  - [0.9999199470895863, 0.005248830045572986, -0.011513001151101253, -0.14416462716483763]
  - [-0.0052067371224385275, 0.9999796622993435, 0.003683052568491189, -0.0003132833534468237]
  - [0.011532098720111144, -0.00362281255892977, 0.9999269402952728, -0.0013986821559900462]
  - [0.0, 0.0, 0.0, 1.0]
  cam_overlaps: [0]
  camera_model: pinhole
  distortion_coeffs: [0.0001732092427799655, -0.0004491846861904552, 0.001046780161323011, -0.0009602569706095499]
  distortion_model: radtan
  intrinsics: [133.8848382203121, 133.79574815518114, 159.569085949728, 120.53339011378542]
  resolution: [320, 240]
  rostopic: /cam_1_0/compressed
