cam0:
  cam_overlaps: [1]
  camera_model: pinhole
  distortion_coeffs: [0.0010858589824982413, -0.001197473388126538, 0.0012923653176756698, -0.0006971859439732238]
  distortion_model: radtan
  intrinsics: [134.3419896148792, 134.384876800771, 159.73629237049053, 120.7785097189345]
  resolution: [320, 240]
  rostopic: /cam_1_1/compressed
cam1:
  T_cn_cnm1:
  - [0.9999685783953994, 0.003283418736267769, 0.007215357460680231, -0.14317378410858175]
  - [-0.003163721707401318, 0.999858224982718, -0.016538464238427163, 0.0007315379861542416]
  - [-0.007268637206601096, 0.016515117190318153, 0.9998371956560468, -0.0021086739169354387]
  - [0.0, 0.0, 0.0, 1.0]
  cam_overlaps: [0]
  camera_model: pinhole
  distortion_coeffs: [0.000705962531965829, -0.0009229213643896676, 1.94711922236245e-06, -0.0002946730736673876]
  distortion_model: radtan
  intrinsics: [134.0338620439099, 134.13550987588437, 159.5809437866361, 120.10278039635952]
  resolution: [320, 240]
  rostopic: /cam_2_0/compressed
