cam0:
  cam_overlaps: [1]
  camera_model: pinhole
  distortion_coeffs: [5.2477628533480206e-05, -0.0009880229619570829, -0.0006297301624842463, -0.0010287971181905334]
  distortion_model: radtan
  intrinsics: [133.86814188540313, 133.9528450382432, 159.6066013431413, 119.66375385494302]
  resolution: [320, 240]
  rostopic: /cam_3_1/compressed
cam1:
  T_cn_cnm1:
  - [0.9999023473825512, 0.013236342604985466, -0.0044827372567911574, -0.14706968005578813]
  - [-0.013230477820337185, 0.9999115816156203, 0.0013354428480582118, 0.0015632501125313091]
  - [0.0045000172794715755, -0.0012760036827182673, 0.9999890607697128, 0.00028316000005208525]
  - [0.0, 0.0, 0.0, 1.0]
  cam_overlaps: [0]
  camera_model: pinhole
  distortion_coeffs: [0.0011965993757919718, -0.0014128406650999199, -0.0010108065443438328, 0.0010987933660883663]
  distortion_model: radtan
  intrinsics: [133.9854094369886, 134.01991415194567, 160.5163601544156, 119.47029238309194]
  resolution: [320, 240]
  rostopic: /cam_0_0/compressed
